bead_batch,nearest_dose,pert_dose,pert_dose_unit,pert_idose,pert_itime,pert_time,pert_time_unit,cell_mfc_name,pert_mfc_id,nsample,cc_q75,ss_ngene,tas,pct_self_rank_q25,wt,median_recall_rank_spearman,median_recall_rank_wtcs_50,median_recall_score_spearman,median_recall_score_wtcs_50,batch_effect_tstat,batch_effect_tstat_pct,is_hiq,qc_pass,pert_id,sig_id,pert_type,cell_iname,det_wells,det_plates,distil_ids,build_name,project_code,cmap_name,is_exemplar_sig,is_ncs_sig,is_null_sig,quality_replicates,duplIdentifier,dupl_counts,conditionId
b6,10,10,uM,10 uM,24 h,24,h,PC3,BRD-K13078532,3,0.49,604,0.550107,0.990099,"""""""""""""""""""""""""""""""""",58.9326,25.3102,-0.0333866,0.349764,18.89,76.9165,0,1,BRD-K13078532,CPD001_PC3_24H:BRD-K13078532-001-21-9:10,trt_cp,PC3,A19,CPD001_PC3_24H_X1_B6_DUO52HI53LO|CPD001_PC3_24H_X2_B6_DUO52HI53LO|CPD001_PC3_24H_X3_B6_DUO52HI53LO,CPD001_PC3_24H_X1_B6_DUO52HI53LO:A19|CPD001_PC3_24H_X2_B6_DUO52HI53LO:A19|CPD001_PC3_24H_X3_B6_DUO52HI53LO:A19,,CPD,hydrochlorothiazide,1,1,0,1,hydrochlorothiazide_10 uM_24 h_PC3,1,hydrochlorothiazide_10 uM_24 h
b6,10,10,uM,10 uM,24 h,24,h,PC3,BRD-K50859149,3,0.45,429,0.444289,0.720072,"""""""""""""""""""""""""""""""""",6.66186,1.72382,0.211576,0.608914,18.89,76.9165,1,1,BRD-K50859149,CPD001_PC3_24H:BRD-K50859149-001-13-8:10,trt_cp,PC3,C24,CPD001_PC3_24H_X1_B6_DUO52HI53LO|CPD001_PC3_24H_X2_B6_DUO52HI53LO|CPD001_PC3_24H_X3_B6_DUO52HI53LO,CPD001_PC3_24H_X1_B6_DUO52HI53LO:C24|CPD001_PC3_24H_X2_B6_DUO52HI53LO:C24|CPD001_PC3_24H_X3_B6_DUO52HI53LO:C24,,CPD,sulfafurazole,1,1,0,1,sulfafurazole_10 uM_24 h_PC3,1,sulfafurazole_10 uM_24 h
b11,10,10.2333,uM,10 uM,24 h,24,h,PC3,BRD-K48296029,3,0.46,426,0.447625,1.58103,"""""""""""""""""""""""""""""""""",3.77838,2.69369,0.314631,0.622466,17.44,72.9831,1,1,BRD-K48296029,DOSBIO002_PC3_24H:BRD-K48296029:10.2333,trt_cp,PC3,B10,DOSBIO002_PC3_24H_X1_B11|DOSBIO002_PC3_24H_X2_B11|DOSBIO002_PC3_24H_X3_B11,DOSBIO002_PC3_24H_X1_B11:B10|DOSBIO002_PC3_24H_X2_B11:B10|DOSBIO002_PC3_24H_X3_B11:B10,,DOSBIO,BRD-K48296029,1,1,0,1,BRD-K48296029_10 uM_24 h_PC3,1,BRD-K48296029_10 uM_24 h
b11,10,10.3153,uM,10 uM,24 h,24,h,PC3,BRD-K79532217,3,0.61,389,0.492573,0.6917,"""""""""""""""""""""""""""""""""",1.07568,1.88649,0.54803,0.657708,17.44,72.9831,1,1,BRD-K79532217,DOSBIO002_PC3_24H:BRD-K79532217:10.3153,trt_cp,PC3,E01,DOSBIO002_PC3_24H_X1_B11|DOSBIO002_PC3_24H_X2_B11|DOSBIO002_PC3_24H_X3_B11,DOSBIO002_PC3_24H_X1_B11:E01|DOSBIO002_PC3_24H_X2_B11:E01|DOSBIO002_PC3_24H_X3_B11:E01,,DOSBIO,BRD-K79532217,1,1,0,1,BRD-K79532217_10 uM_24 h_PC3,1,BRD-K79532217_10 uM_24 h
b11,10,10.0611,uM,10 uM,24 h,24,h,PC3,BRD-K20109053,3,0.66,420,0.532387,0,"""""""""""""""""""""""""""""""""",0.401802,0.266667,0.541133,0.809471,17.44,72.9831,1,1,BRD-K20109053,DOSBIO002_PC3_24H:BRD-K20109053:10.0611,trt_cp,PC3,C09,DOSBIO002_PC3_24H_X1_B11|DOSBIO002_PC3_24H_X2_B11|DOSBIO002_PC3_24H_X3_B11,DOSBIO002_PC3_24H_X1_B11:C09|DOSBIO002_PC3_24H_X2_B11:C09|DOSBIO002_PC3_24H_X3_B11:C09,,DOSBIO,BRD-K20109053,1,1,0,1,BRD-K20109053_10 uM_24 h_PC3,1,BRD-K20109053_10 uM_24 h
f1b10,10,10,uM,10 uM,6 h,6,h,PC3,BRD-K27499107,6,0.37,241,0.301953,0.188679,"""""""""""""""""""""""""""""""""",0.273224,0.546448,0.325201,0.577522,9.69,40.3962,1,1,BRD-K27499107,AML001_PC3_6H:BRD-K27499107:10,trt_cp,PC3,E15|E19,AML001_PC3_6H_X1_F1B10|AML001_PC3_6H_X2_F1B10|AML001_PC3_6H_X3_F1B10,AML001_PC3_6H_X1_F1B10:E15|AML001_PC3_6H_X1_F1B10:E19|AML001_PC3_6H_X2_F1B10:E15|AML001_PC3_6H_X2_F1B10:E19|AML001_PC3_6H_X3_F1B10:E15|AML001_PC3_6H_X3_F1B10:E19,,AML,carbacyclin,1,1,0,1,carbacyclin_10 uM_6 h_PC3,1,carbacyclin_10 uM_6 h
b6,10,10,uM,10 uM,24 h,24,h,PC3,BRD-K10598093,3,0.38,347,0.367187,0.360036,"""""""""""""""""""""""""""""""""",80.0201,86.0375,-0.173839,-0.12324,18.89,76.9165,0,1,BRD-K10598093,CPD001_PC3_24H:BRD-K10598093-329-04-1:10,trt_cp,PC3,G17,CPD001_PC3_24H_X1_B6_DUO52HI53LO|CPD001_PC3_24H_X2_B6_DUO52HI53LO|CPD001_PC3_24H_X3_B6_DUO52HI53LO,CPD001_PC3_24H_X1_B6_DUO52HI53LO:G17|CPD001_PC3_24H_X2_B6_DUO52HI53LO:G17|CPD001_PC3_24H_X3_B6_DUO52HI53LO:G17,,CPD,hexamethonium,1,1,0,1,hexamethonium_10 uM_24 h_PC3,1,hexamethonium_10 uM_24 h
b11,10,10.0569,uM,10 uM,24 h,24,h,PC3,BRD-K10211010,3,0.59,342,0.454224,0,"""""""""""""""""""""""""""""""""",0.133333,0,0.455576,0.76606,17.44,72.9831,1,1,BRD-K10211010,DOSBIO002_PC3_24H:BRD-K10211010:10.0569,trt_cp,PC3,C11,DOSBIO002_PC3_24H_X1_B11|DOSBIO002_PC3_24H_X2_B11|DOSBIO002_PC3_24H_X3_B11,DOSBIO002_PC3_24H_X1_B11:C11|DOSBIO002_PC3_24H_X2_B11:C11|DOSBIO002_PC3_24H_X3_B11:C11,,DOSBIO,BRD-K10211010,1,1,0,1,BRD-K10211010_10 uM_24 h_PC3,1,BRD-K10211010_10 uM_24 h
b6,10,10,uM,10 uM,24 h,24,h,PC3,BRD-K46531780,3,0.81,597,0.70317,0,"""""""""""""""""""""""""""""""""",0,0,0.782348,0.869544,18.69,76.3709,1,1,BRD-K46531780,CPD002_PC3_24H:BRD-K46531780-003-13-0:10,trt_cp,PC3,N12,CPD002_PC3_24H_X1_B6_DUO52HI53LO|CPD002_PC3_24H_X2_B6_DUO52HI53LO|CPD002_PC3_24H_X3_B6_DUO52HI53LO,CPD002_PC3_24H_X1_B6_DUO52HI53LO:N12|CPD002_PC3_24H_X2_B6_DUO52HI53LO:N12|CPD002_PC3_24H_X3_B6_DUO52HI53LO:N12,,CPD,methyl-benzethonium,1,1,0,1,methyl-benzethonium_10 uM_24 h_PC3,1,methyl-benzethonium_10 uM_24 h
b6,10,10,uM,10 uM,24 h,24,h,PC3,BRD-K76634210,3,0.4,247,0.31784,0,"""""""""""""""""""""""""""""""""",2.25575,0.53193,0.214717,0.517072,18.89,76.9165,1,1,BRD-K76634210,CPD001_PC3_24H:BRD-K76634210-001-08-9:10,trt_cp,PC3,C17,CPD001_PC3_24H_X1_B6_DUO52HI53LO|CPD001_PC3_24H_X2_B6_DUO52HI53LO|CPD001_PC3_24H_X3_B6_DUO52HI53LO,CPD001_PC3_24H_X1_B6_DUO52HI53LO:C17|CPD001_PC3_24H_X2_B6_DUO52HI53LO:C17|CPD001_PC3_24H_X3_B6_DUO52HI53LO:C17,,CPD,idoxuridine,1,1,0,1,idoxuridine_10 uM_24 h_PC3,1,idoxuridine_10 uM_24 h
b23,10,10,uM,10 uM,24 h,24,h,PC3,BRD-A45498368,3,0.83,621,0.725965,0,"0.33,0.33,0.34",0,0.402151,0.820533,0.853618,13.6,59.7761,1,1,BRD-A45498368,POL001_PC3_24H:H13,trt_cp,PC3,H13,POL001_PC3_24H_X1.L2_B23|POL001_PC3_24H_X2.L2_B23|POL001_PC3_24H_X3.L2_B23,POL001_PC3_24H_X1.L2_B23:H13|POL001_PC3_24H_X2.L2_B23:H13|POL001_PC3_24H_X3.L2_B23:H13,,POL,WYE-125132,1,1,0,1,WYE-125132_10 uM_24 h_PC3,1,WYE-125132_10 uM_24 h
b6,10,10,uM,10 uM,24 h,24,h,PC3,BRD-A37444045,3,0.38,478,0.430959,1.89019,"""""""""""""""""""""""""""""""""",33.7849,46.7608,0.0672762,0.197434,18.89,76.9165,0,1,BRD-A37444045,CPD001_PC3_24H:BRD-A37444045-003-01-5:10,trt_cp,PC3,B19,CPD001_PC3_24H_X1_B6_DUO52HI53LO|CPD001_PC3_24H_X2_B6_DUO52HI53LO|CPD001_PC3_24H_X3_B6_DUO52HI53LO,CPD001_PC3_24H_X1_B6_DUO52HI53LO:B19|CPD001_PC3_24H_X2_B6_DUO52HI53LO:B19|CPD001_PC3_24H_X3_B6_DUO52HI53LO:B19,,CPD,hydralazine,1,1,0,1,hydralazine_10 uM_24 h_PC3,1,hydralazine_10 uM_24 h
b6,10,10,uM,10 uM,6 h,6,h,PC3,BRD-K34411947,3,0.38,273,0.325689,0.179533,"""""""""""""""""""""""""""""""""",9.35118,25.4708,0.277348,0.520692,55.36,98.8516,0,1,BRD-K34411947,CPD002_PC3_6H:BRD-K34411947-001-07-5:10,trt_cp,PC3,C23,CPD002_PC3_6H_X1_B6_DUO52HI53LO|CPD002_PC3_6H_X2_B6_DUO52HI53LO|CPD002_PC3_6H_X3_B6_DUO52HI53LO,CPD002_PC3_6H_X1_B6_DUO52HI53LO:C23|CPD002_PC3_6H_X2_B6_DUO52HI53LO:C23|CPD002_PC3_6H_X3_B6_DUO52HI53LO:C23,,CPD,streptozotocin,1,1,0,1,streptozotocin_10 uM_6 h_PC3,1,streptozotocin_10 uM_6 h
b6,10,10,uM,10 uM,24 h,24,h,PC3,BRD-M41106164,3,0.45,336,0.393194,0.090009,"""""""""""""""""""""""""""""""""",14.3296,8.61627,0.255415,0.502966,18.89,76.9165,0,1,BRD-M41106164,CPD001_PC3_24H:BRD-M41106164-001-01-9:10,trt_cp,PC3,P24,CPD001_PC3_24H_X1_B6_DUO52HI53LO|CPD001_PC3_24H_X2_B6_DUO52HI53LO|CPD001_PC3_24H_X3_B6_DUO52HI53LO,CPD001_PC3_24H_X1_B6_DUO52HI53LO:P24|CPD001_PC3_24H_X2_B6_DUO52HI53LO:P24|CPD001_PC3_24H_X3_B6_DUO52HI53LO:P24,,CPD,oxantel,1,1,0,1,oxantel_10 uM_24 h_PC3,1,oxantel_10 uM_24 h
b6,10,10,uM,10 uM,6 h,6,h,PC3,BRD-K92310201,3,0.42,242,0.322376,0,"""""""""""""""""""""""""""""""""",0.399647,34.9734,0.365464,0.522009,55.36,98.8516,1,1,BRD-K92310201,CPD002_PC3_6H:BRD-K92310201-001-01-2:10,trt_cp,PC3,D05,CPD002_PC3_6H_X1_B6_DUO52HI53LO|CPD002_PC3_6H_X2_B6_DUO52HI53LO|CPD002_PC3_6H_X3_B6_DUO52HI53LO,CPD002_PC3_6H_X1_B6_DUO52HI53LO:D05|CPD002_PC3_6H_X2_B6_DUO52HI53LO:D05|CPD002_PC3_6H_X3_B6_DUO52HI53LO:D05,,CPD,mometasone,1,1,0,1,mometasone_10 uM_6 h_PC3,1,mometasone_10 uM_6 h
b6,10,10,uM,10 uM,24 h,24,h,PC3,BRD-K18812295,3,0.73,596,0.666984,0,"""""""""""""""""""""""""""""""""",0,0,0.659621,0.816524,18.69,76.3709,1,1,BRD-K18812295,CPD002_PC3_24H:BRD-K18812295-001-04-9:10,trt_cp,PC3,L11,CPD002_PC3_24H_X1_B6_DUO52HI53LO|CPD002_PC3_24H_X2_B6_DUO52HI53LO|CPD002_PC3_24H_X3_B6_DUO52HI53LO,CPD002_PC3_24H_X1_B6_DUO52HI53LO:L11|CPD002_PC3_24H_X2_B6_DUO52HI53LO:L11|CPD002_PC3_24H_X3_B6_DUO52HI53LO:L11,,CPD,chrysenequinone,1,1,0,1,chrysenequinone_10 uM_24 h_PC3,1,chrysenequinone_10 uM_24 h
b34,10,9.84272,uM,10 uM,24 h,24,h,PC3,BRD-K91623615,3,0.6334,366,0.486867,0.0900901,"0.33,0.34,0.33",0,0.132979,0.624084,0.78987,9.13,37.7261,1,1,BRD-K91623615,ASG002_PC3_24H:B07,trt_cp,PC3,B07,ASG002_PC3_24H_X1_B34|ASG002_PC3_24H_X2_B34|ASG002_PC3_24H_X6_B38,ASG002_PC3_24H_X1_B34:B07|ASG002_PC3_24H_X2_B34:B07|ASG002_PC3_24H_X6_B38:B07,,ASG,ABT-751,1,1,0,1,ABT-751_10 uM_24 h_PC3,1,ABT-751_10 uM_24 h
b3,10,10,uM,10 uM,6 h,6,h,PC3,BRD-K69932463,4,0.62,413,0.511684,0.0672043,"""""""""""""""""""""""""""""""""",0.0668449,0,0.612228,0.798821,24.57,86.8217,1,1,BRD-K69932463,CPC006_PC3_6H:BRD-K69932463-001-03-1:10,trt_cp,PC3,C04,CPC006_PC3_6H_X1_B3_DUO52HI53LO|CPC006_PC3_6H_X2_B3_DUO52HI53LO|CPC006_PC3_6H_X3_B3_DUO52HI53LO|CPC006_PC3_6H_X4_B4_DUO52HI53LO,CPC006_PC3_6H_X1_B3_DUO52HI53LO:C04|CPC006_PC3_6H_X2_B3_DUO52HI53LO:C04|CPC006_PC3_6H_X3_B3_DUO52HI53LO:C04|CPC006_PC3_6H_X4_B4_DUO52HI53LO:C04,,CPC,AZD-8055,1,1,0,1,AZD-8055_10 uM_6 h_PC3,1,AZD-8055_10 uM_6 h
b4,10,10,uM,10 uM,6 h,6,h,PC3,BRD-K80622725,4,0.6,408,0.500307,0.0688231,"""""""""""""""""""""""""""""""""",0.0666667,0.133333,0.539199,0.714127,19.78,79.242,1,1,BRD-K80622725,CPC014_PC3_6H:BRD-K80622725-001-10-2:10,trt_cp,PC3,M23,CPC014_PC3_6H_X1_B4_DUO52HI53LO|CPC014_PC3_6H_X2_B4_DUO52HI53LO|CPC014_PC3_6H_X3_B4_DUO52HI53LO|CPC014_PC3_6H_X4_B5_DUO52HI53LO,CPC014_PC3_6H_X1_B4_DUO52HI53LO:M23|CPC014_PC3_6H_X2_B4_DUO52HI53LO:M23|CPC014_PC3_6H_X3_B4_DUO52HI53LO:M23|CPC014_PC3_6H_X4_B5_DUO52HI53LO:M23,,CPC,STK-397047,1,1,0,1,STK-397047_10 uM_6 h_PC3,1,STK-397047_10 uM_6 h
b3,10,10,uM,10 uM,6 h,6,h,PC3,BRD-A15079084,4,0.5,314,0.400664,0,"""""""""""""""""""""""""""""""""",0,0.0668449,0.482296,0.748194,24.57,86.8217,1,1,BRD-A15079084,CPC006_PC3_6H:BRD-A15079084-001-02-9:10,trt_cp,PC3,O09,CPC006_PC3_6H_X1_B3_DUO52HI53LO|CPC006_PC3_6H_X2_B3_DUO52HI53LO|CPC006_PC3_6H_X3_B3_DUO52HI53LO|CPC006_PC3_6H_X4_B4_DUO52HI53LO,CPC006_PC3_6H_X1_B3_DUO52HI53LO:O09|CPC006_PC3_6H_X2_B3_DUO52HI53LO:O09|CPC006_PC3_6H_X3_B3_DUO52HI53LO:O09|CPC006_PC3_6H_X4_B4_DUO52HI53LO:O09,,CPC,BRD-A15079084,1,1,0,1,BRD-A15079084_10 uM_6 h_PC3,1,BRD-A15079084_10 uM_6 h
b4,10,10,uM,10 uM,24 h,24,h,PC3,BRD-A07000685,5,0.32,331,0.329094,0.817439,"""""""""""""""""""""""""""""""""",13.9448,11.9866,0.142136,0.369402,25.55,88.4295,0,1,BRD-A07000685,CPC005_PC3_24H:BRD-A07000685-001-03-6:10,trt_cp,PC3,C02,CPC005_PC3_24H_X1_B4_DUO52HI53LO|CPC005_PC3_24H_X2_B4_DUO52HI53LO|CPC005_PC3_24H_X3_B4_DUO52HI53LO|CPC005_PC3_24H_X4_B5_DUO52HI53LO|CPC005_PC3_24H_X5_B5_DUO52HI53LO,CPC005_PC3_24H_X1_B4_DUO52HI53LO:C02|CPC005_PC3_24H_X2_B4_DUO52HI53LO:C02|CPC005_PC3_24H_X3_B4_DUO52HI53LO:C02|CPC005_PC3_24H_X4_B5_DUO52HI53LO:C02|CPC005_PC3_24H_X5_B5_DUO52HI53LO:C02,,CPC,hydrocortisone-hemisuccinate,1,1,0,1,hydrocortisone-hemisuccinate_10 uM_24 h_PC3,1,hydrocortisone-hemisuccinate_10 uM_24 h
b3,10,10,uM,10 uM,6 h,6,h,PC3,BRD-K80431395,4,0.65,461,0.553526,0,"""""""""""""""""""""""""""""""""",0,0,0.541433,0.682903,25.1,87.8266,1,1,BRD-K80431395,CPC004_PC3_6H:BRD-K80431395-001-02-4:10,trt_cp,PC3,O05,CPC004_PC3_6H_X2_B3_DUO52HI53LO|CPC004_PC3_6H_X3_B3_DUO52HI53LO|CPC004_PC3_6H_X4_B4_DUO52HI53LO|CPC004_PC3_6H_X5_F1B5_DUO52HI53LO,CPC004_PC3_6H_X2_B3_DUO52HI53LO:O05|CPC004_PC3_6H_X3_B3_DUO52HI53LO:O05|CPC004_PC3_6H_X4_B4_DUO52HI53LO:O05|CPC004_PC3_6H_X5_F1B5_DUO52HI53LO:O05,,CPC,triciribine,1,1,0,1,triciribine_10 uM_6 h_PC3,3,triciribine_10 uM_6 h
b3,10,10,uM,10 uM,6 h,6,h,PC3,BRD-A89352139,5,0.34,559,0.440835,3.29908,"""""""""""""""""""""""""""""""""",8.68962,7.21678,0.276008,0.470091,15.49,66.6667,0,1,BRD-A89352139,CPC007_PC3_6H:BRD-A89352139-001-07-5:10,trt_cp,PC3,D07,CPC007_PC3_6H_X1_B3_DUO52HI53LO|CPC007_PC3_6H_X2_B3_DUO52HI53LO|CPC007_PC3_6H_X3_B3_DUO52HI53LO|CPC007_PC3_6H_X4_F1B5_DUO52HI53LO|CPC007_PC3_6H_X5_F1B5_DUO52HI53LO,CPC007_PC3_6H_X1_B3_DUO52HI53LO:D07|CPC007_PC3_6H_X2_B3_DUO52HI53LO:D07|CPC007_PC3_6H_X3_B3_DUO52HI53LO:D07|CPC007_PC3_6H_X4_F1B5_DUO52HI53LO:D07|CPC007_PC3_6H_X5_F1B5_DUO52HI53LO:D07,,CPC,STK-111867,1,1,0,1,STK-111867_10 uM_6 h_PC3,1,STK-111867_10 uM_6 h
f1b4,10,10,uM,10 uM,24 h,24,h,PC3,BRD-K95138506,5,0.66,589,0.630464,0,"""""""""""""""""""""""""""""""""",0.198588,0.265784,0.606032,0.769766,21.13,81.6825,1,1,BRD-K95138506,CPC009_PC3_24H:BRD-K95138506-019-01-8:10,trt_cp,PC3,D06,CPC009_PC3_24H_X1_F1B4_DUO52HI53LO|CPC009_PC3_24H_X2_F1B4_DUO52HI53LO|CPC009_PC3_24H_X3_F1B4_DUO52HI53LO|CPC009_PC3_24H_X4_B5_DUO52HI53LO|CPC009_PC3_24H_X5_F1B5_DUO52HI53LO,CPC009_PC3_24H_X1_F1B4_DUO52HI53LO:D06|CPC009_PC3_24H_X2_F1B4_DUO52HI53LO:D06|CPC009_PC3_24H_X3_F1B4_DUO52HI53LO:D06|CPC009_PC3_24H_X4_B5_DUO52HI53LO:D06|CPC009_PC3_24H_X5_F1B5_DUO52HI53LO:D06,,CPC,BRD-K95138506,1,1,0,1,BRD-K95138506_10 uM_24 h_PC3,1,BRD-K95138506_10 uM_24 h
b3,12,11.1,uM,12 uM,6 h,6,h,PC3,BRD-K30677119,4,0.48,354,0.416824,0,"""""""""""""""""""""""""""""""""",1.46775,0.200535,0.345423,0.647003,24.57,86.8217,1,1,BRD-K30677119,CPC006_PC3_6H:BRD-K30677119-001-01-0:11.1,trt_cp,PC3,P13,CPC006_PC3_6H_X1_B3_DUO52HI53LO|CPC006_PC3_6H_X2_B3_DUO52HI53LO|CPC006_PC3_6H_X3_B3_DUO52HI53LO|CPC006_PC3_6H_X4_B4_DUO52HI53LO,CPC006_PC3_6H_X1_B3_DUO52HI53LO:P13|CPC006_PC3_6H_X2_B3_DUO52HI53LO:P13|CPC006_PC3_6H_X3_B3_DUO52HI53LO:P13|CPC006_PC3_6H_X4_B4_DUO52HI53LO:P13,,CPC,PP-30,1,1,0,1,PP-30_12 uM_6 h_PC3,1,PP-30_12 uM_6 h
b3,10,10,uM,10 uM,24 h,24,h,PC3,BRD-K65503129,5,0.54,435,0.490086,0.0539957,"""""""""""""""""""""""""""""""""",0.0664894,0,0.492238,0.70148,25.09,87.7692,1,1,BRD-K65503129,CPC003_PC3_24H:BRD-K65503129-001-01-4:10,trt_cp,PC3,O19,CPC003_PC3_24H_X1_B3_DUO52HI53LO|CPC003_PC3_24H_X2_B3_DUO52HI53LO|CPC003_PC3_24H_X3_B3_DUO52HI53LO|CPC003_PC3_24H_X4_F1B5_DUO52HI53LO|CPC003_PC3_24H_X5_B5_DUO52HI53LO,CPC003_PC3_24H_X1_B3_DUO52HI53LO:O19|CPC003_PC3_24H_X2_B3_DUO52HI53LO:O19|CPC003_PC3_24H_X3_B3_DUO52HI53LO:O19|CPC003_PC3_24H_X4_F1B5_DUO52HI53LO:O19|CPC003_PC3_24H_X5_B5_DUO52HI53LO:O19,,CPC,CCT-018159,1,1,0,1,CCT-018159_10 uM_24 h_PC3,1,CCT-018159_10 uM_24 h
b3,10,10,uM,10 uM,6 h,6,h,PC3,BRD-A06664848,5,0.28,411,0.343029,3.40725,"""""""""""""""""""""""""""""""""",9.56696,8.13861,0.117357,0.402205,15.49,66.6667,0,1,BRD-A06664848,CPC007_PC3_6H:BRD-A06664848-001-07-5:10,trt_cp,PC3,D05,CPC007_PC3_6H_X1_B3_DUO52HI53LO|CPC007_PC3_6H_X2_B3_DUO52HI53LO|CPC007_PC3_6H_X3_B3_DUO52HI53LO|CPC007_PC3_6H_X4_F1B5_DUO52HI53LO|CPC007_PC3_6H_X5_F1B5_DUO52HI53LO,CPC007_PC3_6H_X1_B3_DUO52HI53LO:D05|CPC007_PC3_6H_X2_B3_DUO52HI53LO:D05|CPC007_PC3_6H_X3_B3_DUO52HI53LO:D05|CPC007_PC3_6H_X4_F1B5_DUO52HI53LO:D05|CPC007_PC3_6H_X5_F1B5_DUO52HI53LO:D05,,CPC,BRD-A06664848,1,1,0,1,BRD-A06664848_10 uM_6 h_PC3,1,BRD-A06664848_10 uM_6 h
b5,10,10,uM,10 uM,24 h,24,h,PC3,BRD-K82395301,5,0.38,310,0.347059,1.52542,"""""""""""""""""""""""""""""""""",10.1158,10.0643,0.312627,0.488394,18.31,75.2512,0,1,BRD-K82395301,CPC013_PC3_24H:BRD-K82395301-001-01-4:10,trt_cp,PC3,D23,CPC013_PC3_24H_X1_B5_DUO52HI53LO|CPC013_PC3_24H_X2_B5_DUO52HI53LO|CPC013_PC3_24H_X3_B5_DUO52HI53LO|CPC013_PC3_24H_X4_B5_DUO52HI53LO|CPC013_PC3_24H_X5_B5_DUO52HI53LO,CPC013_PC3_24H_X1_B5_DUO52HI53LO:D23|CPC013_PC3_24H_X2_B5_DUO52HI53LO:D23|CPC013_PC3_24H_X3_B5_DUO52HI53LO:D23|CPC013_PC3_24H_X4_B5_DUO52HI53LO:D23|CPC013_PC3_24H_X5_B5_DUO52HI53LO:D23,,CPC,ST-4066738,1,1,0,1,ST-4066738_10 uM_24 h_PC3,1,ST-4066738_10 uM_24 h
b4,10,10,uM,10 uM,6 h,6,h,PC3,BRD-K85493820,4,0.77,568,0.668729,0,"""""""""""""""""""""""""""""""""",0,0,0.731727,0.86869,19.78,79.242,1,1,BRD-K85493820,CPC014_PC3_6H:BRD-K85493820-001-01-6:10,trt_cp,PC3,M13,CPC014_PC3_6H_X1_B4_DUO52HI53LO|CPC014_PC3_6H_X2_B4_DUO52HI53LO|CPC014_PC3_6H_X3_B4_DUO52HI53LO|CPC014_PC3_6H_X4_B5_DUO52HI53LO,CPC014_PC3_6H_X1_B4_DUO52HI53LO:M13|CPC014_PC3_6H_X2_B4_DUO52HI53LO:M13|CPC014_PC3_6H_X3_B4_DUO52HI53LO:M13|CPC014_PC3_6H_X4_B5_DUO52HI53LO:M13,,CPC,KM-00927,1,1,0,1,KM-00927_10 uM_6 h_PC3,1,KM-00927_10 uM_6 h
b5,10,10,uM,10 uM,24 h,24,h,PC3,BRD-A93975555,5,0.29,321,0.308519,1.85915,"""""""""""""""""""""""""""""""""",3.39171,3.99155,0.232848,0.481516,21.35,82.3428,1,1,BRD-A93975555,CPC008_PC3_24H:BRD-A93975555-001-06-4:10,trt_cp,PC3,E20,CPC008_PC3_24H_X1_B5_DUO52HI53LO|CPC008_PC3_24H_X2_B5_DUO52HI53LO|CPC008_PC3_24H_X3_B5_DUO52HI53LO|CPC008_PC3_24H_X4_B5_DUO52HI53LO|CPC008_PC3_24H_X5_B5_DUO52HI53LO,CPC008_PC3_24H_X1_B5_DUO52HI53LO:E20|CPC008_PC3_24H_X2_B5_DUO52HI53LO:E20|CPC008_PC3_24H_X3_B5_DUO52HI53LO:E20|CPC008_PC3_24H_X4_B5_DUO52HI53LO:E20|CPC008_PC3_24H_X5_B5_DUO52HI53LO:E20,,CPC,BRD-A93975555,1,1,0,1,BRD-A93975555_10 uM_24 h_PC3,1,BRD-A93975555_10 uM_24 h
b3,10,10,uM,10 uM,24 h,24,h,PC3,BRD-K08502430-001-01-0,5,0.3334,295,0.317121,0.0537057,"0.21,0.23,0.24,0.14,0.19",0.266874,1.14746,0.258602,0.551044,30.03,91.8748,1,1,BRD-K08502430,CPC001_PC3_24H:P17,trt_cp,PC3,P17,CPC001_PC3_24H_X1_B3_DUO52HI53LO|CPC001_PC3_24H_X2_B3_DUO52HI53LO|CPC001_PC3_24H_X3_F1B3_DUO52HI53LO|CPC001_PC3_24H_X4_F2B4_DUO52HI53LO|CPC001_PC3_24H_X5_B5_DUO52HI53LO,CPC001_PC3_24H_X1_B3_DUO52HI53LO:P17|CPC001_PC3_24H_X2_B3_DUO52HI53LO:P17|CPC001_PC3_24H_X3_F1B3_DUO52HI53LO:P17|CPC001_PC3_24H_X4_F2B4_DUO52HI53LO:P17|CPC001_PC3_24H_X5_B5_DUO52HI53LO:P17,,CPC,angiogenesis-inhibitor,1,1,0,1,angiogenesis-inhibitor_10 uM_24 h_PC3,1,angiogenesis-inhibitor_10 uM_24 h
b3,10,10,uM,10 uM,6 h,6,h,PC3,BRD-K43068349,5,0.22,680,0.391108,5.53122,"""""""""""""""""""""""""""""""""",16.2191,9.63195,0.141921,0.454237,25.1,87.8266,0,1,BRD-K43068349,CPC004_PC3_6H:BRD-K43068349-001-01-9:10,trt_cp,PC3,M12,CPC004_PC3_6H_X1_B3_DUO52HI53LO|CPC004_PC3_6H_X2_B3_DUO52HI53LO|CPC004_PC3_6H_X3_B3_DUO52HI53LO|CPC004_PC3_6H_X4_B4_DUO52HI53LO|CPC004_PC3_6H_X5_F1B5_DUO52HI53LO,CPC004_PC3_6H_X1_B3_DUO52HI53LO:M12|CPC004_PC3_6H_X2_B3_DUO52HI53LO:M12|CPC004_PC3_6H_X3_B3_DUO52HI53LO:M12|CPC004_PC3_6H_X4_B4_DUO52HI53LO:M12|CPC004_PC3_6H_X5_F1B5_DUO52HI53LO:M12,,CPC,AMG-9810,1,1,0,1,AMG-9810_10 uM_6 h_PC3,1,AMG-9810_10 uM_6 h
b5,10,10,uM,10 uM,24 h,24,h,PC3,BRD-K03358980-001-01-6,5,0.5313,451,0.494981,2.76873,"0.23,0.19,0.23,0.13,0.21",3.03135,2.8577,0.382073,0.550513,19.69,78.8114,1,1,BRD-K03358980,CPC019_PC3_24H:E22,trt_cp,PC3,E22,CPC019_PC3_24H_X1_B5_DUO52HI53LO|CPC019_PC3_24H_X2_F1B4_DUO52HI53LO|CPC019_PC3_24H_X3_F1B4_DUO52HI53LO|CPC019_PC3_24H_X4_B5_DUO52HI53LO|CPC019_PC3_24H_X5_B5_DUO52HI53LO,CPC019_PC3_24H_X1_B5_DUO52HI53LO:E22|CPC019_PC3_24H_X2_F1B4_DUO52HI53LO:E22|CPC019_PC3_24H_X3_F1B4_DUO52HI53LO:E22|CPC019_PC3_24H_X4_B5_DUO52HI53LO:E22|CPC019_PC3_24H_X5_B5_DUO52HI53LO:E22,,CPC,BRD-K03358980,1,1,0,1,BRD-K03358980_10 uM_24 h_PC3,1,BRD-K03358980_10 uM_24 h
b3,10,10,uM,10 uM,6 h,6,h,PC3,BRD-K29668683,3,0.41,352,0.384144,0,"""""""""""""""""""""""""""""""""",0.132275,3.03988,0.304843,0.443582,26.11,88.9176,1,1,BRD-K29668683,CPC001_PC3_6H:BRD-K29668683-300-01-4:10,trt_cp,PC3,P24,CPC001_PC3_6H_X1_B3_DUO52HI53LO|CPC001_PC3_6H_X3_B3_DUO52HI53LO|CPC001_PC3_6H_X5.L2_F2B5_DUO52HI53LO,CPC001_PC3_6H_X1_B3_DUO52HI53LO:P24|CPC001_PC3_6H_X3_B3_DUO52HI53LO:P24|CPC001_PC3_6H_X5.L2_F2B5_DUO52HI53LO:P24,,CPC,BD-1063,1,1,0,1,BD-1063_10 uM_6 h_PC3,1,BD-1063_10 uM_6 h
b3,10,10,uM,10 uM,24 h,24,h,PC3,BRD-A81177136-001-03-6,5,0.3316,324,0.331444,0.214823,"0.21,0.22,0.23,0.08,0.26",3.27756,3.94994,0.274948,0.531237,30.03,91.8748,1,1,BRD-A81177136,CPC001_PC3_24H:F21,trt_cp,PC3,F21,CPC001_PC3_24H_X1_B3_DUO52HI53LO|CPC001_PC3_24H_X2_B3_DUO52HI53LO|CPC001_PC3_24H_X3_F1B3_DUO52HI53LO|CPC001_PC3_24H_X4_F2B4_DUO52HI53LO|CPC001_PC3_24H_X5_B5_DUO52HI53LO,CPC001_PC3_24H_X1_B3_DUO52HI53LO:F21|CPC001_PC3_24H_X2_B3_DUO52HI53LO:F21|CPC001_PC3_24H_X3_F1B3_DUO52HI53LO:F21|CPC001_PC3_24H_X4_F2B4_DUO52HI53LO:F21|CPC001_PC3_24H_X5_B5_DUO52HI53LO:F21,,CPC,KN-62,1,1,0,1,KN-62_10 uM_24 h_PC3,1,KN-62_10 uM_24 h
b3,10,10,uM,10 uM,6 h,6,h,PC3,BRD-K99582188,5,0.53,361,0.442305,0.0542299,"""""""""""""""""""""""""""""""""",0,0,0.287,0.636885,24.26,86.4198,1,1,BRD-K99582188,CPC010_PC3_6H:BRD-K99582188-001-04-0:10,trt_cp,PC3,C14,CPC010_PC3_6H_X1_B3_DUO52HI53LO|CPC010_PC3_6H_X2_B3_DUO52HI53LO|CPC010_PC3_6H_X3_B3_DUO52HI53LO|CPC010_PC3_6H_X4_F1B5_DUO52HI53LO|CPC010_PC3_6H_X5_F1B5_DUO52HI53LO,CPC010_PC3_6H_X1_B3_DUO52HI53LO:C14|CPC010_PC3_6H_X2_B3_DUO52HI53LO:C14|CPC010_PC3_6H_X3_B3_DUO52HI53LO:C14|CPC010_PC3_6H_X4_F1B5_DUO52HI53LO:C14|CPC010_PC3_6H_X5_F1B5_DUO52HI53LO:C14,,CPC,BRD-K99582188,1,1,0,1,BRD-K99582188_10 uM_6 h_PC3,1,BRD-K99582188_10 uM_6 h
b3,10,10,uM,10 uM,24 h,24,h,PC3,BRD-K61220632,5,0.38,369,0.378648,0.863931,"""""""""""""""""""""""""""""""""",2.34881,6.57808,0.240179,0.429832,25.09,87.7692,1,1,BRD-K61220632,CPC003_PC3_24H:BRD-K61220632-001-02-7:10,trt_cp,PC3,P23,CPC003_PC3_24H_X1_B3_DUO52HI53LO|CPC003_PC3_24H_X2_B3_DUO52HI53LO|CPC003_PC3_24H_X3_B3_DUO52HI53LO|CPC003_PC3_24H_X4_F1B5_DUO52HI53LO|CPC003_PC3_24H_X5_B5_DUO52HI53LO,CPC003_PC3_24H_X1_B3_DUO52HI53LO:P23|CPC003_PC3_24H_X2_B3_DUO52HI53LO:P23|CPC003_PC3_24H_X3_B3_DUO52HI53LO:P23|CPC003_PC3_24H_X4_F1B5_DUO52HI53LO:P23|CPC003_PC3_24H_X5_B5_DUO52HI53LO:P23,,CPC,leoidin,1,1,0,1,leoidin_10 uM_24 h_PC3,1,leoidin_10 uM_24 h
b3,10,10,uM,10 uM,24 h,24,h,PC3,BRD-K95785537,5,0.48,467,0.478751,0.327511,"""""""""""""""""""""""""""""""""",0.340615,0.201307,0.438668,0.699776,27.24,90.066,1,1,BRD-K95785537,CPC002_PC3_24H:BRD-K95785537-001-09-0:10,trt_cp,PC3,H05,CPC002_PC3_24H_X1_B3_DUO52HI53LO|CPC002_PC3_24H_X2_B3_DUO52HI53LO|CPC002_PC3_24H_X3_B3_DUO52HI53LO|CPC002_PC3_24H_X4_B4_DUO52HI53LO|CPC002_PC3_24H_X5_F1B5_DUO52HI53LO,CPC002_PC3_24H_X1_B3_DUO52HI53LO:H05|CPC002_PC3_24H_X2_B3_DUO52HI53LO:H05|CPC002_PC3_24H_X3_B3_DUO52HI53LO:H05|CPC002_PC3_24H_X4_B4_DUO52HI53LO:H05|CPC002_PC3_24H_X5_F1B5_DUO52HI53LO:H05,,CPC,PP-2,1,1,0,1,PP-2_10 uM_24 h_PC3,1,PP-2_10 uM_24 h
b3,10,10,uM,10 uM,24 h,24,h,PC3,BRD-K63343048,4,0.43,280,0.350868,0,"""""""""""""""""""""""""""""""""",0,0,0.403817,0.72952,20.96,81.3953,1,1,BRD-K63343048,CPC011_PC3_24H:BRD-K63343048-001-07-2:10,trt_cp,PC3,I08,CPC011_PC3_24H_X1_B3_DUO52HI53LO|CPC011_PC3_24H_X2_B3_DUO52HI53LO|CPC011_PC3_24H_X4_B5_DUO52HI53LO|CPC011_PC3_24H_X5_B5_DUO52HI53LO,CPC011_PC3_24H_X1_B3_DUO52HI53LO:I08|CPC011_PC3_24H_X2_B3_DUO52HI53LO:I08|CPC011_PC3_24H_X4_B5_DUO52HI53LO:I08|CPC011_PC3_24H_X5_B5_DUO52HI53LO:I08,,CPC,orlistat,1,1,0,1,orlistat_10 uM_24 h_PC3,1,orlistat_10 uM_24 h
b3,10,10,uM,10 uM,24 h,24,h,PC3,BRD-K40656405,5,0.44,291,0.361829,0.10917,"""""""""""""""""""""""""""""""""",0.135501,0.13424,0.349729,0.676769,27.24,90.066,1,1,BRD-K40656405,CPC002_PC3_24H:BRD-K40656405-001-01-5:10,trt_cp,PC3,I17,CPC002_PC3_24H_X1_B3_DUO52HI53LO|CPC002_PC3_24H_X2_B3_DUO52HI53LO|CPC002_PC3_24H_X3_B3_DUO52HI53LO|CPC002_PC3_24H_X4_B4_DUO52HI53LO|CPC002_PC3_24H_X5_F1B5_DUO52HI53LO,CPC002_PC3_24H_X1_B3_DUO52HI53LO:I17|CPC002_PC3_24H_X2_B3_DUO52HI53LO:I17|CPC002_PC3_24H_X3_B3_DUO52HI53LO:I17|CPC002_PC3_24H_X4_B4_DUO52HI53LO:I17|CPC002_PC3_24H_X5_F1B5_DUO52HI53LO:I17,,CPC,L-165041,1,1,0,1,L-165041_10 uM_24 h_PC3,1,L-165041_10 uM_24 h
b5,10,10,uM,10 uM,24 h,24,h,PC3,BRD-K28774715,5,0.37,268,0.318419,1.86441,"""""""""""""""""""""""""""""""""",10.9537,37.082,0.245889,0.244125,18.31,75.2512,0,1,BRD-K28774715,CPC013_PC3_24H:BRD-K28774715-001-05-8:10,trt_cp,PC3,N07,CPC013_PC3_24H_X1_B5_DUO52HI53LO|CPC013_PC3_24H_X2_B5_DUO52HI53LO|CPC013_PC3_24H_X3_B5_DUO52HI53LO|CPC013_PC3_24H_X4_B5_DUO52HI53LO|CPC013_PC3_24H_X5_B5_DUO52HI53LO,CPC013_PC3_24H_X1_B5_DUO52HI53LO:N07|CPC013_PC3_24H_X2_B5_DUO52HI53LO:N07|CPC013_PC3_24H_X3_B5_DUO52HI53LO:N07|CPC013_PC3_24H_X4_B5_DUO52HI53LO:N07|CPC013_PC3_24H_X5_B5_DUO52HI53LO:N07,,CPC,BRD-K28774715,1,1,0,1,BRD-K28774715_10 uM_24 h_PC3,1,BRD-K28774715_10 uM_24 h
b4,10,10,uM,10 uM,6 h,6,h,PC3,BRD-A47832959,4,0.22,423,0.308469,5.70652,"""""""""""""""""""""""""""""""""",5.60931,32.7224,0.167939,0.177399,28.6,91.1858,0,1,BRD-A47832959,CPC019_PC3_6H:BRD-A47832959-001-06-6:10,trt_cp,PC3,P01,CPC019_PC3_6H_X1_B4_DUO52HI53LO|CPC019_PC3_6H_X2_B4_DUO52HI53LO|CPC019_PC3_6H_X3_B4_DUO52HI53LO|CPC019_PC3_6H_X5_F1B4_DUO52HI53LO,CPC019_PC3_6H_X1_B4_DUO52HI53LO:P01|CPC019_PC3_6H_X2_B4_DUO52HI53LO:P01|CPC019_PC3_6H_X3_B4_DUO52HI53LO:P01|CPC019_PC3_6H_X5_F1B4_DUO52HI53LO:P01,,CPC,BRD-A47832959,1,1,0,1,BRD-A47832959_10 uM_6 h_PC3,1,BRD-A47832959_10 uM_6 h
b4,10,10,uM,10 uM,6 h,6,h,PC3,BRD-K08448573,5,0.38,337,0.361857,0,"""""""""""""""""""""""""""""""""",0.0679348,0,0.375545,0.701542,28.6,91.1858,1,1,BRD-K08448573,CPC019_PC3_6H:BRD-K08448573-001-01-3:10,trt_cp,PC3,M12,CPC019_PC3_6H_X1_B4_DUO52HI53LO|CPC019_PC3_6H_X2_B4_DUO52HI53LO|CPC019_PC3_6H_X3_B4_DUO52HI53LO|CPC019_PC3_6H_X4_F1B4_DUO52HI53LO|CPC019_PC3_6H_X5_F1B4_DUO52HI53LO,CPC019_PC3_6H_X1_B4_DUO52HI53LO:M12|CPC019_PC3_6H_X2_B4_DUO52HI53LO:M12|CPC019_PC3_6H_X3_B4_DUO52HI53LO:M12|CPC019_PC3_6H_X4_F1B4_DUO52HI53LO:M12|CPC019_PC3_6H_X5_F1B4_DUO52HI53LO:M12,,CPC,BRD-K08448573,1,1,0,1,BRD-K08448573_10 uM_6 h_PC3,1,BRD-K08448573_10 uM_6 h
b5,10,10,uM,10 uM,24 h,24,h,PC3,BRD-K88542532,5,0.19,630,0.349847,10.7345,"""""""""""""""""""""""""""""""""",25.1884,27.7712,0.0980342,0.41749,18.31,75.2512,0,1,BRD-K88542532,CPC013_PC3_24H:BRD-K88542532-001-01-6:10,trt_cp,PC3,L22,CPC013_PC3_24H_X1_B5_DUO52HI53LO|CPC013_PC3_24H_X2_B5_DUO52HI53LO|CPC013_PC3_24H_X3_B5_DUO52HI53LO|CPC013_PC3_24H_X4_B5_DUO52HI53LO|CPC013_PC3_24H_X5_B5_DUO52HI53LO,CPC013_PC3_24H_X1_B5_DUO52HI53LO:L22|CPC013_PC3_24H_X2_B5_DUO52HI53LO:L22|CPC013_PC3_24H_X3_B5_DUO52HI53LO:L22|CPC013_PC3_24H_X4_B5_DUO52HI53LO:L22|CPC013_PC3_24H_X5_B5_DUO52HI53LO:L22,,CPC,BRD-K88542532,1,1,0,1,BRD-K88542532_10 uM_24 h_PC3,1,BRD-K88542532_10 uM_24 h
b4,10,10,uM,10 uM,24 h,24,h,PC3,BRD-K01121114-001-01-9,5,0.7775,554,0.663645,0,"0.20,0.19,0.19,0.21,0.20",0,0.0672043,0.730181,0.856107,21.67,82.8883,1,1,BRD-K01121114,CPC006_PC3_24H:K13,trt_cp,PC3,K13,CPC006_PC3_24H_X1_B4_DUO52HI53LO|CPC006_PC3_24H_X2_F1B3_DUO52HI53LO|CPC006_PC3_24H_X3_F1B3_DUO52HI53LO|CPC006_PC3_24H_X4_B4_DUO52HI53LO|CPC006_PC3_24H_X5_B4_DUO52HI53LO,CPC006_PC3_24H_X1_B4_DUO52HI53LO:K13|CPC006_PC3_24H_X2_F1B3_DUO52HI53LO:K13|CPC006_PC3_24H_X3_F1B3_DUO52HI53LO:K13|CPC006_PC3_24H_X4_B4_DUO52HI53LO:K13|CPC006_PC3_24H_X5_B4_DUO52HI53LO:K13,,CPC,AT-CSC-18,1,1,0,1,AT-CSC-18_10 uM_24 h_PC3,2,AT-CSC-18_10 uM_24 h
b4,10,10,uM,10 uM,6 h,6,h,PC3,BRD-K98714523,5,0.37,280,0.32547,0.991736,"""""""""""""""""""""""""""""""""",4.33076,7.7138,0.306181,0.491473,30.89,92.5639,1,1,BRD-K98714523,CPC013_PC3_6H:BRD-K98714523-001-01-0:10,trt_cp,PC3,H02,CPC013_PC3_6H_X1_B4_DUO52HI53LO|CPC013_PC3_6H_X2_B4_DUO52HI53LO|CPC013_PC3_6H_X3_B4_DUO52HI53LO|CPC013_PC3_6H_X4_B5_DUO52HI53LO|CPC013_PC3_6H_X5_B5_DUO52HI53LO,CPC013_PC3_6H_X1_B4_DUO52HI53LO:H02|CPC013_PC3_6H_X2_B4_DUO52HI53LO:H02|CPC013_PC3_6H_X3_B4_DUO52HI53LO:H02|CPC013_PC3_6H_X4_B5_DUO52HI53LO:H02|CPC013_PC3_6H_X5_B5_DUO52HI53LO:H02,,CPC,SA-103006,1,1,0,1,SA-103006_10 uM_6 h_PC3,1,SA-103006_10 uM_6 h
f2b4,10,10,uM,10 uM,24 h,24,h,PC3,BRD-K66381707,5,0.29,305,0.300732,6.54054,"""""""""""""""""""""""""""""""""",20.355,31.5347,0.180428,0.35025,23.45,85.3575,0,1,BRD-K66381707,CPC012_PC3_24H:BRD-K66381707-001-01-4:10,trt_cp,PC3,D22,CPC012_PC3_24H_X1_F2B4_DUO52HI53LO|CPC012_PC3_24H_X2_B5_DUO52HI53LO|CPC012_PC3_24H_X3_F1B5_DUO52HI53LO|CPC012_PC3_24H_X4.L2_F2B5_DUO52HI53LO|CPC012_PC3_24H_X5.L2_F2B5_DUO52HI53LO,CPC012_PC3_24H_X1_F2B4_DUO52HI53LO:D22|CPC012_PC3_24H_X2_B5_DUO52HI53LO:D22|CPC012_PC3_24H_X3_F1B5_DUO52HI53LO:D22|CPC012_PC3_24H_X4.L2_F2B5_DUO52HI53LO:D22|CPC012_PC3_24H_X5.L2_F2B5_DUO52HI53LO:D22,,CPC,BRD-K66381707,1,1,0,1,BRD-K66381707_10 uM_24 h_PC3,1,BRD-K66381707_10 uM_24 h
b5,10,10,uM,10 uM,24 h,24,h,PC3,BRD-K62466453,5,0.39,238,0.308071,0.169014,"""""""""""""""""""""""""""""""""",0.28175,0.298039,0.344795,0.627588,21.35,82.3428,1,1,BRD-K62466453,CPC008_PC3_24H:BRD-K62466453-001-04-7:10,trt_cp,PC3,K06,CPC008_PC3_24H_X1_B5_DUO52HI53LO|CPC008_PC3_24H_X2_B5_DUO52HI53LO|CPC008_PC3_24H_X3_B5_DUO52HI53LO|CPC008_PC3_24H_X4_B5_DUO52HI53LO|CPC008_PC3_24H_X5_B5_DUO52HI53LO,CPC008_PC3_24H_X1_B5_DUO52HI53LO:K06|CPC008_PC3_24H_X2_B5_DUO52HI53LO:K06|CPC008_PC3_24H_X3_B5_DUO52HI53LO:K06|CPC008_PC3_24H_X4_B5_DUO52HI53LO:K06|CPC008_PC3_24H_X5_B5_DUO52HI53LO:K06,,CPC,BRD-K62466453,1,1,0,1,BRD-K62466453_10 uM_24 h_PC3,1,BRD-K62466453_10 uM_24 h
f2b4,10,10,uM,10 uM,24 h,24,h,PC3,BRD-K91987625,5,0.45,359,0.406428,0.756757,"""""""""""""""""""""""""""""""""",8.46243,21.7733,0.295165,0.452596,23.45,85.3575,0,1,BRD-K91987625,CPC012_PC3_24H:BRD-K91987625-003-01-2:10,trt_cp,PC3,N08,CPC012_PC3_24H_X1_F2B4_DUO52HI53LO|CPC012_PC3_24H_X2_B5_DUO52HI53LO|CPC012_PC3_24H_X3_F1B5_DUO52HI53LO|CPC012_PC3_24H_X4.L2_F2B5_DUO52HI53LO|CPC012_PC3_24H_X5.L2_F2B5_DUO52HI53LO,CPC012_PC3_24H_X1_F2B4_DUO52HI53LO:N08|CPC012_PC3_24H_X2_B5_DUO52HI53LO:N08|CPC012_PC3_24H_X3_F1B5_DUO52HI53LO:N08|CPC012_PC3_24H_X4.L2_F2B5_DUO52HI53LO:N08|CPC012_PC3_24H_X5.L2_F2B5_DUO52HI53LO:N08,,CPC,BRD-K91987625,1,1,0,1,BRD-K91987625_10 uM_24 h_PC3,1,BRD-K91987625_10 uM_24 h
b3,10,10,uM,10 uM,6 h,6,h,PC3,BRD-K97534490-001-06-1,5,0.3346,264,0.300535,0.107759,"0.21,0.24,0.25,0.09,0.20",0.405269,2.27675,0.227495,0.519575,29.18,91.3867,1,1,BRD-K97534490,CPC009_PC3_6H:O16,trt_cp,PC3,O16,CPC009_PC3_6H_X1_B3_DUO52HI53LO|CPC009_PC3_6H_X2_B3_DUO52HI53LO|CPC009_PC3_6H_X3.A2_B4_DUO52HI53LO|CPC009_PC3_6H_X4_F1B5_DUO52HI53LO|CPC009_PC3_6H_X5_F1B5_DUO52HI53LO,CPC009_PC3_6H_X1_B3_DUO52HI53LO:O16|CPC009_PC3_6H_X2_B3_DUO52HI53LO:O16|CPC009_PC3_6H_X3.A2_B4_DUO52HI53LO:O16|CPC009_PC3_6H_X4_F1B5_DUO52HI53LO:O16|CPC009_PC3_6H_X5_F1B5_DUO52HI53LO:O16,,CPC,BRD-K97534490,1,1,0,1,BRD-K97534490_10 uM_6 h_PC3,1,BRD-K97534490_10 uM_6 h
b3,80,80,uM,80 uM,6 h,6,h,PC3,BRD-A97437073,4,0.37,270,0.319605,0,"""""""""""""""""""""""""""""""""",0.134409,0,0.33306,0.622188,24.57,86.8217,1,1,BRD-A97437073,CPC006_PC3_6H:BRD-A97437073-001-03-1:80,trt_cp,PC3,B12,CPC006_PC3_6H_X1_B3_DUO52HI53LO|CPC006_PC3_6H_X2_B3_DUO52HI53LO|CPC006_PC3_6H_X3_B3_DUO52HI53LO|CPC006_PC3_6H_X4_B4_DUO52HI53LO,CPC006_PC3_6H_X1_B3_DUO52HI53LO:B12|CPC006_PC3_6H_X2_B3_DUO52HI53LO:B12|CPC006_PC3_6H_X3_B3_DUO52HI53LO:B12|CPC006_PC3_6H_X4_B4_DUO52HI53LO:B12,,CPC,rosiglitazone,1,1,0,1,rosiglitazone_80 uM_6 h_PC3,1,rosiglitazone_80 uM_6 h
b3,10,10,uM,10 uM,24 h,24,h,PC3,BRD-K41903098,4,0.41,292,0.349876,0,"""""""""""""""""""""""""""""""""",0,0,0.388653,0.646576,20.96,81.3953,1,1,BRD-K41903098,CPC011_PC3_24H:BRD-K41903098-003-07-5:10,trt_cp,PC3,H06,CPC011_PC3_24H_X1_B3_DUO52HI53LO|CPC011_PC3_24H_X2_B3_DUO52HI53LO|CPC011_PC3_24H_X4_B5_DUO52HI53LO|CPC011_PC3_24H_X5_B5_DUO52HI53LO,CPC011_PC3_24H_X1_B3_DUO52HI53LO:H06|CPC011_PC3_24H_X2_B3_DUO52HI53LO:H06|CPC011_PC3_24H_X4_B5_DUO52HI53LO:H06|CPC011_PC3_24H_X5_B5_DUO52HI53LO:H06,,CPC,diphenoxylate,1,1,0,1,diphenoxylate_10 uM_24 h_PC3,1,diphenoxylate_10 uM_24 h
f1b4,10,10,uM,10 uM,24 h,24,h,PC3,BRD-A16820783,5,0.49,324,0.402904,0,"""""""""""""""""""""""""""""""""",0,0.0668449,0.397534,0.666336,21.13,81.6825,1,1,BRD-A16820783,CPC009_PC3_24H:BRD-A16820783-001-06-0:10,trt_cp,PC3,L16,CPC009_PC3_24H_X1_F1B4_DUO52HI53LO|CPC009_PC3_24H_X2_F1B4_DUO52HI53LO|CPC009_PC3_24H_X3_F1B4_DUO52HI53LO|CPC009_PC3_24H_X4_B5_DUO52HI53LO|CPC009_PC3_24H_X5_F1B5_DUO52HI53LO,CPC009_PC3_24H_X1_F1B4_DUO52HI53LO:L16|CPC009_PC3_24H_X2_F1B4_DUO52HI53LO:L16|CPC009_PC3_24H_X3_F1B4_DUO52HI53LO:L16|CPC009_PC3_24H_X4_B5_DUO52HI53LO:L16|CPC009_PC3_24H_X5_F1B5_DUO52HI53LO:L16,,CPC,BRD-A16820783,1,1,0,1,BRD-A16820783_10 uM_24 h_PC3,1,BRD-A16820783_10 uM_24 h
b4,10,10,uM,10 uM,6 h,6,h,PC3,BRD-K80346834,5,0.42,250,0.327661,0.220386,"""""""""""""""""""""""""""""""""",3.33928,0.481879,0.272436,0.625829,30.89,92.5639,1,1,BRD-K80346834,CPC013_PC3_6H:BRD-K80346834-001-01-5:10,trt_cp,PC3,D13,CPC013_PC3_6H_X1_B4_DUO52HI53LO|CPC013_PC3_6H_X2_B4_DUO52HI53LO|CPC013_PC3_6H_X3_B4_DUO52HI53LO|CPC013_PC3_6H_X4_B5_DUO52HI53LO|CPC013_PC3_6H_X5_B5_DUO52HI53LO,CPC013_PC3_6H_X1_B4_DUO52HI53LO:D13|CPC013_PC3_6H_X2_B4_DUO52HI53LO:D13|CPC013_PC3_6H_X3_B4_DUO52HI53LO:D13|CPC013_PC3_6H_X4_B5_DUO52HI53LO:D13|CPC013_PC3_6H_X5_B5_DUO52HI53LO:D13,,CPC,BRD-K80346834,1,1,0,1,BRD-K80346834_10 uM_6 h_PC3,1,BRD-K80346834_10 uM_6 h
b4,150,160,uM,150 uM,24 h,24,h,PC3,BRD-K67075780-001-03-7,5,0.6652,514,0.591273,0,"0.21,0.19,0.19,0.21,0.20",0,0.203252,0.614925,0.744212,21.67,82.8883,1,1,BRD-K67075780,CPC006_PC3_24H:D18,trt_cp,PC3,D18,CPC006_PC3_24H_X1_B4_DUO52HI53LO|CPC006_PC3_24H_X2_F1B3_DUO52HI53LO|CPC006_PC3_24H_X3_F1B3_DUO52HI53LO|CPC006_PC3_24H_X4_B4_DUO52HI53LO|CPC006_PC3_24H_X5_B4_DUO52HI53LO,CPC006_PC3_24H_X1_B4_DUO52HI53LO:D18|CPC006_PC3_24H_X2_F1B3_DUO52HI53LO:D18|CPC006_PC3_24H_X3_F1B3_DUO52HI53LO:D18|CPC006_PC3_24H_X4_B4_DUO52HI53LO:D18|CPC006_PC3_24H_X5_B4_DUO52HI53LO:D18,,CPC,TGX-115,1,1,0,1,TGX-115_150 uM_24 h_PC3,1,TGX-115_150 uM_24 h
b3,10,10,uM,10 uM,6 h,6,h,PC3,BRD-K15025317,4,0.47,277,0.364854,0,"""""""""""""""""""""""""""""""""",0,0,0.459514,0.728616,24.57,86.8217,1,1,BRD-K15025317,CPC006_PC3_6H:BRD-K15025317-001-05-2:10,trt_cp,PC3,I20,CPC006_PC3_6H_X1_B3_DUO52HI53LO|CPC006_PC3_6H_X2_B3_DUO52HI53LO|CPC006_PC3_6H_X3_B3_DUO52HI53LO|CPC006_PC3_6H_X4_B4_DUO52HI53LO,CPC006_PC3_6H_X1_B3_DUO52HI53LO:I20|CPC006_PC3_6H_X2_B3_DUO52HI53LO:I20|CPC006_PC3_6H_X3_B3_DUO52HI53LO:I20|CPC006_PC3_6H_X4_B4_DUO52HI53LO:I20,,CPC,BAY-11-7082,1,1,0,1,BAY-11-7082_10 uM_6 h_PC3,1,BAY-11-7082_10 uM_6 h
f1b4,10,10,uM,10 uM,24 h,24,h,PC3,BRD-K18724229,5,0.38,292,0.336832,0.272331,"""""""""""""""""""""""""""""""""",0.728571,0.927329,0.334241,0.548478,21.13,81.6825,1,1,BRD-K18724229,CPC009_PC3_24H:BRD-K18724229-019-01-5:10,trt_cp,PC3,L01,CPC009_PC3_24H_X1_F1B4_DUO52HI53LO|CPC009_PC3_24H_X2_F1B4_DUO52HI53LO|CPC009_PC3_24H_X3_F1B4_DUO52HI53LO|CPC009_PC3_24H_X4_B5_DUO52HI53LO|CPC009_PC3_24H_X5_F1B5_DUO52HI53LO,CPC009_PC3_24H_X1_F1B4_DUO52HI53LO:L01|CPC009_PC3_24H_X2_F1B4_DUO52HI53LO:L01|CPC009_PC3_24H_X3_F1B4_DUO52HI53LO:L01|CPC009_PC3_24H_X4_B5_DUO52HI53LO:L01|CPC009_PC3_24H_X5_F1B5_DUO52HI53LO:L01,,CPC,BRD-K18724229,1,1,0,1,BRD-K18724229_10 uM_24 h_PC3,1,BRD-K18724229_10 uM_24 h
b4,10,10,uM,10 uM,6 h,6,h,PC3,BRD-K05562558,4,0.34,284,0.314217,1.84805,"""""""""""""""""""""""""""""""""",10.7783,13.0218,0.135114,0.261958,15.57,67.1548,0,1,BRD-K05562558,CPC012_PC3_6H:BRD-K05562558-001-01-3:10,trt_cp,PC3,F02,CPC012_PC3_6H_X1_B4_DUO52HI53LO|CPC012_PC3_6H_X2_B4_DUO52HI53LO|CPC012_PC3_6H_X4_F1B5_DUO52HI53LO|CPC012_PC3_6H_X5_F1B5_DUO52HI53LO,CPC012_PC3_6H_X1_B4_DUO52HI53LO:F02|CPC012_PC3_6H_X2_B4_DUO52HI53LO:F02|CPC012_PC3_6H_X4_F1B5_DUO52HI53LO:F02|CPC012_PC3_6H_X5_F1B5_DUO52HI53LO:F02,,CPC,BRD-K05562558,1,1,0,1,BRD-K05562558_10 uM_6 h_PC3,1,BRD-K05562558_10 uM_6 h
f2b4,10,10,uM,10 uM,24 h,24,h,PC3,BRD-K30640165,5,0.34,276,0.309759,1.24324,"""""""""""""""""""""""""""""""""",14.6443,41.8955,0.222488,0.263705,23.45,85.3575,0,1,BRD-K30640165,CPC012_PC3_24H:BRD-K30640165-001-01-1:10,trt_cp,PC3,I19,CPC012_PC3_24H_X1_F2B4_DUO52HI53LO|CPC012_PC3_24H_X2_B5_DUO52HI53LO|CPC012_PC3_24H_X3_F1B5_DUO52HI53LO|CPC012_PC3_24H_X4.L2_F2B5_DUO52HI53LO|CPC012_PC3_24H_X5.L2_F2B5_DUO52HI53LO,CPC012_PC3_24H_X1_F2B4_DUO52HI53LO:I19|CPC012_PC3_24H_X2_B5_DUO52HI53LO:I19|CPC012_PC3_24H_X3_F1B5_DUO52HI53LO:I19|CPC012_PC3_24H_X4.L2_F2B5_DUO52HI53LO:I19|CPC012_PC3_24H_X5.L2_F2B5_DUO52HI53LO:I19,,CPC,BRD-K30640165,1,1,0,1,BRD-K30640165_10 uM_24 h_PC3,1,BRD-K30640165_10 uM_24 h
b3,10,10,uM,10 uM,6 h,6,h,PC3,BRD-A32595718,5,0.45,270,0.352467,0.0538503,"""""""""""""""""""""""""""""""""",0.0661376,0,0.334225,0.709939,27.53,90.2957,1,1,BRD-A32595718,CPC008_PC3_6H:BRD-A32595718-001-04-3:10,trt_cp,PC3,L01,CPC008_PC3_6H_X1_B3_DUO52HI53LO|CPC008_PC3_6H_X2_B3_DUO52HI53LO|CPC008_PC3_6H_X3_B3_DUO52HI53LO|CPC008_PC3_6H_X4_F1B5_DUO52HI53LO|CPC008_PC3_6H_X5_F1B5_DUO52HI53LO,CPC008_PC3_6H_X1_B3_DUO52HI53LO:L01|CPC008_PC3_6H_X2_B3_DUO52HI53LO:L01|CPC008_PC3_6H_X3_B3_DUO52HI53LO:L01|CPC008_PC3_6H_X4_F1B5_DUO52HI53LO:L01|CPC008_PC3_6H_X5_F1B5_DUO52HI53LO:L01,,CPC,BJM-CSC-15,1,1,0,1,BJM-CSC-15_10 uM_6 h_PC3,1,BJM-CSC-15_10 uM_6 h
b3,10,10,uM,10 uM,24 h,24,h,PC3,BRD-K67537649,5,0.31,494,0.395708,2.96976,"""""""""""""""""""""""""""""""""",3.55099,7.17057,0.267177,0.515762,25.09,87.7692,1,1,BRD-K67537649,CPC003_PC3_24H:BRD-K67537649-001-01-1:10,trt_cp,PC3,N05,CPC003_PC3_24H_X1_B3_DUO52HI53LO|CPC003_PC3_24H_X2_B3_DUO52HI53LO|CPC003_PC3_24H_X3_B3_DUO52HI53LO|CPC003_PC3_24H_X4_F1B5_DUO52HI53LO|CPC003_PC3_24H_X5_B5_DUO52HI53LO,CPC003_PC3_24H_X1_B3_DUO52HI53LO:N05|CPC003_PC3_24H_X2_B3_DUO52HI53LO:N05|CPC003_PC3_24H_X3_B3_DUO52HI53LO:N05|CPC003_PC3_24H_X4_F1B5_DUO52HI53LO:N05|CPC003_PC3_24H_X5_B5_DUO52HI53LO:N05,,CPC,PQ-401,1,1,0,1,PQ-401_10 uM_24 h_PC3,1,PQ-401_10 uM_24 h
b3,10,10,uM,10 uM,6 h,6,h,PC3,BRD-K78122587,4,0.36,255,0.306374,0.135685,"""""""""""""""""""""""""""""""""",0.998971,0.737905,0.240228,0.573836,21.06,81.4815,1,1,BRD-K78122587,CPC003_PC3_6H:BRD-K78122587-300-01-9:10,trt_cp,PC3,L03,CPC003_PC3_6H_X1_B3_DUO52HI53LO|CPC003_PC3_6H_X3_B3_DUO52HI53LO|CPC003_PC3_6H_X4_F2B4_DUO52HI53LO|CPC003_PC3_6H_X5_F1B5_DUO52HI53LO,CPC003_PC3_6H_X1_B3_DUO52HI53LO:L03|CPC003_PC3_6H_X3_B3_DUO52HI53LO:L03|CPC003_PC3_6H_X4_F2B4_DUO52HI53LO:L03|CPC003_PC3_6H_X5_F1B5_DUO52HI53LO:L03,,CPC,NNC-55-0396,1,1,0,1,NNC-55-0396_10 uM_6 h_PC3,1,NNC-55-0396_10 uM_6 h
b3,10,10,uM,10 uM,6 h,6,h,PC3,BRD-A42649439,5,0.64,446,0.540242,0,"""""""""""""""""""""""""""""""""",0,0,0.566415,0.744336,26.29,89.0612,1,1,BRD-A42649439,CPC002_PC3_6H:BRD-A42649439-001-02-8:10,trt_cp,PC3,J07,CPC002_PC3_6H_X1_B3_DUO52HI53LO|CPC002_PC3_6H_X2_B3_DUO52HI53LO|CPC002_PC3_6H_X3_B3_DUO52HI53LO|CPC002_PC3_6H_X4_B4_DUO52HI53LO|CPC002_PC3_6H_X5_F1B5_DUO52HI53LO,CPC002_PC3_6H_X1_B3_DUO52HI53LO:J07|CPC002_PC3_6H_X2_B3_DUO52HI53LO:J07|CPC002_PC3_6H_X3_B3_DUO52HI53LO:J07|CPC002_PC3_6H_X4_B4_DUO52HI53LO:J07|CPC002_PC3_6H_X5_F1B5_DUO52HI53LO:J07,,CPC,triciribine,1,1,0,1,triciribine_10 uM_6 h_PC3,3,triciribine_10 uM_6 h
b4,10,10,uM,10 uM,24 h,24,h,PC3,BRD-K18518344,5,0.74,641,0.696427,0.0544959,"""""""""""""""""""""""""""""""""",0.133337,0.134048,0.59612,0.815064,25.55,88.4295,1,1,BRD-K18518344,CPC005_PC3_24H:BRD-K18518344-001-03-5:10,trt_cp,PC3,E24,CPC005_PC3_24H_X1_B4_DUO52HI53LO|CPC005_PC3_24H_X2_B4_DUO52HI53LO|CPC005_PC3_24H_X3_B4_DUO52HI53LO|CPC005_PC3_24H_X4_B5_DUO52HI53LO|CPC005_PC3_24H_X5_B5_DUO52HI53LO,CPC005_PC3_24H_X1_B4_DUO52HI53LO:E24|CPC005_PC3_24H_X2_B4_DUO52HI53LO:E24|CPC005_PC3_24H_X3_B4_DUO52HI53LO:E24|CPC005_PC3_24H_X4_B5_DUO52HI53LO:E24|CPC005_PC3_24H_X5_B5_DUO52HI53LO:E24,,CPC,digitoxigenin,1,1,0,1,digitoxigenin_10 uM_24 h_PC3,2,digitoxigenin_10 uM_24 h
b3,10,10,uM,10 uM,6 h,6,h,PC3,BRD-K90912239,5,0.32,280,0.302681,3.60797,"""""""""""""""""""""""""""""""""",5.16508,13.4242,0.197676,0.346237,27.53,90.2957,0,1,BRD-K90912239,CPC008_PC3_6H:BRD-K90912239-001-01-3:10,trt_cp,PC3,O01,CPC008_PC3_6H_X1_B3_DUO52HI53LO|CPC008_PC3_6H_X2_B3_DUO52HI53LO|CPC008_PC3_6H_X3_B3_DUO52HI53LO|CPC008_PC3_6H_X4_F1B5_DUO52HI53LO|CPC008_PC3_6H_X5_F1B5_DUO52HI53LO,CPC008_PC3_6H_X1_B3_DUO52HI53LO:O01|CPC008_PC3_6H_X2_B3_DUO52HI53LO:O01|CPC008_PC3_6H_X3_B3_DUO52HI53LO:O01|CPC008_PC3_6H_X4_F1B5_DUO52HI53LO:O01|CPC008_PC3_6H_X5_F1B5_DUO52HI53LO:O01,,CPC,BRD-K90912239,1,1,0,1,BRD-K90912239_10 uM_6 h_PC3,1,BRD-K90912239_10 uM_6 h
f2b4,10,10,uM,10 uM,24 h,24,h,PC3,BRD-K12102668,5,0.21,567,0.348925,2.42981,"""""""""""""""""""""""""""""""""",35.4346,31.8711,0.036286,0.266504,19.15,77.5194,0,1,BRD-K12102668,CPC010_PC3_24H:BRD-K12102668-001-20-6:10,trt_cp,PC3,P24,CPC010_PC3_24H_X1_F2B4_DUO52HI53LO|CPC010_PC3_24H_X2_B5_DUO52HI53LO|CPC010_PC3_24H_X3_B5_DUO52HI53LO|CPC010_PC3_24H_X4_F2B4_DUO52HI53LO|CPC010_PC3_24H_X5_B5_DUO52HI53LO,CPC010_PC3_24H_X1_F2B4_DUO52HI53LO:P24|CPC010_PC3_24H_X2_B5_DUO52HI53LO:P24|CPC010_PC3_24H_X3_B5_DUO52HI53LO:P24|CPC010_PC3_24H_X4_F2B4_DUO52HI53LO:P24|CPC010_PC3_24H_X5_B5_DUO52HI53LO:P24,,CPC,nialamide,1,1,0,1,nialamide_10 uM_24 h_PC3,1,nialamide_10 uM_24 h
b3,10,10,uM,10 uM,24 h,24,h,PC3,BRD-K93658967,5,0.37,311,0.343014,0.163755,"""""""""""""""""""""""""""""""""",0.265957,1.87739,0.185244,0.4857,27.24,90.066,1,1,BRD-K93658967,CPC002_PC3_24H:BRD-K93658967-001-01-7:10,trt_cp,PC3,J14,CPC002_PC3_24H_X1_B3_DUO52HI53LO|CPC002_PC3_24H_X2_B3_DUO52HI53LO|CPC002_PC3_24H_X3_B3_DUO52HI53LO|CPC002_PC3_24H_X4_B4_DUO52HI53LO|CPC002_PC3_24H_X5_F1B5_DUO52HI53LO,CPC002_PC3_24H_X1_B3_DUO52HI53LO:J14|CPC002_PC3_24H_X2_B3_DUO52HI53LO:J14|CPC002_PC3_24H_X3_B3_DUO52HI53LO:J14|CPC002_PC3_24H_X4_B4_DUO52HI53LO:J14|CPC002_PC3_24H_X5_F1B5_DUO52HI53LO:J14,,CPC,aloisine,1,1,0,1,aloisine_10 uM_24 h_PC3,1,aloisine_10 uM_24 h
b3,10,10,uM,10 uM,6 h,6,h,PC3,BRD-K88172511-003-15-3,5,0.3194,339,0.332735,1.2931,"0.30,0.22,0.28,0.01,0.18",9.65522,17.8079,0.174853,0.383399,29.18,91.3867,0,1,BRD-K88172511,CPC009_PC3_6H:M23,trt_cp,PC3,M23,CPC009_PC3_6H_X1_B3_DUO52HI53LO|CPC009_PC3_6H_X2_B3_DUO52HI53LO|CPC009_PC3_6H_X3.A2_B4_DUO52HI53LO|CPC009_PC3_6H_X4_F1B5_DUO52HI53LO|CPC009_PC3_6H_X5_F1B5_DUO52HI53LO,CPC009_PC3_6H_X1_B3_DUO52HI53LO:M23|CPC009_PC3_6H_X2_B3_DUO52HI53LO:M23|CPC009_PC3_6H_X3.A2_B4_DUO52HI53LO:M23|CPC009_PC3_6H_X4_F1B5_DUO52HI53LO:M23|CPC009_PC3_6H_X5_F1B5_DUO52HI53LO:M23,,CPC,naltrexone,1,1,0,1,naltrexone_10 uM_6 h_PC3,1,naltrexone_10 uM_6 h
b4,1.25,1.25,uM,1.25 uM,24 h,24,h,PC3,BRD-A35588707-001-03-0,5,0.4636,289,0.370127,0,"0.22,0.19,0.18,0.22,0.19",0,0.0677507,0.436794,0.652633,21.67,82.8883,1,1,BRD-A35588707,CPC006_PC3_24H:F17,trt_cp,PC3,F17,CPC006_PC3_24H_X1_B4_DUO52HI53LO|CPC006_PC3_24H_X2_F1B3_DUO52HI53LO|CPC006_PC3_24H_X3_F1B3_DUO52HI53LO|CPC006_PC3_24H_X4_B4_DUO52HI53LO|CPC006_PC3_24H_X5_B4_DUO52HI53LO,CPC006_PC3_24H_X1_B4_DUO52HI53LO:F17|CPC006_PC3_24H_X2_F1B3_DUO52HI53LO:F17|CPC006_PC3_24H_X3_F1B3_DUO52HI53LO:F17|CPC006_PC3_24H_X4_B4_DUO52HI53LO:F17|CPC006_PC3_24H_X5_B4_DUO52HI53LO:F17,,CPC,teniposide,1,1,0,1,teniposide_1.25 uM_24 h_PC3,1,teniposide_1.25 uM_24 h
b5,10,10,uM,10 uM,24 h,24,h,PC3,BRD-K42455570,5,0.34,265,0.303524,0.56338,"""""""""""""""""""""""""""""""""",7.76472,1.62763,0.236529,0.621286,21.35,82.3428,1,1,BRD-K42455570,CPC008_PC3_24H:BRD-K42455570-001-04-3:10,trt_cp,PC3,E18,CPC008_PC3_24H_X1_B5_DUO52HI53LO|CPC008_PC3_24H_X2_B5_DUO52HI53LO|CPC008_PC3_24H_X3_B5_DUO52HI53LO|CPC008_PC3_24H_X4_B5_DUO52HI53LO|CPC008_PC3_24H_X5_B5_DUO52HI53LO,CPC008_PC3_24H_X1_B5_DUO52HI53LO:E18|CPC008_PC3_24H_X2_B5_DUO52HI53LO:E18|CPC008_PC3_24H_X3_B5_DUO52HI53LO:E18|CPC008_PC3_24H_X4_B5_DUO52HI53LO:E18|CPC008_PC3_24H_X5_B5_DUO52HI53LO:E18,,CPC,BRD-K42455570,1,1,0,1,BRD-K42455570_10 uM_24 h_PC3,1,BRD-K42455570_10 uM_24 h
f2b4,10,10,uM,10 uM,24 h,24,h,PC3,BRD-K40094191,5,0.35,286,0.319925,0.0539957,"""""""""""""""""""""""""""""""""",0.0673854,0.403235,0.294082,0.543119,19.15,77.5194,1,1,BRD-K40094191,CPC010_PC3_24H:BRD-K40094191-001-05-8:10,trt_cp,PC3,L10,CPC010_PC3_24H_X1_F2B4_DUO52HI53LO|CPC010_PC3_24H_X2_B5_DUO52HI53LO|CPC010_PC3_24H_X3_B5_DUO52HI53LO|CPC010_PC3_24H_X4_F2B4_DUO52HI53LO|CPC010_PC3_24H_X5_B5_DUO52HI53LO,CPC010_PC3_24H_X1_F2B4_DUO52HI53LO:L10|CPC010_PC3_24H_X2_B5_DUO52HI53LO:L10|CPC010_PC3_24H_X3_B5_DUO52HI53LO:L10|CPC010_PC3_24H_X4_F2B4_DUO52HI53LO:L10|CPC010_PC3_24H_X5_B5_DUO52HI53LO:L10,,CPC,BRD-K40094191,1,1,0,1,BRD-K40094191_10 uM_24 h_PC3,1,BRD-K40094191_10 uM_24 h
b3,10,10,uM,10 uM,6 h,6,h,PC3,BRD-K29555132,4,0.21,502,0.328316,1.35135,"""""""""""""""""""""""""""""""""",6.04606,24.3787,0.186985,0.344414,26.11,88.9176,0,1,BRD-K29555132,CPC001_PC3_6H:BRD-K29555132-001-02-2:10,trt_cp,PC3,P22,CPC001_PC3_6H_X1_B3_DUO52HI53LO|CPC001_PC3_6H_X2_B3_DUO52HI53LO|CPC001_PC3_6H_X3_B3_DUO52HI53LO|CPC001_PC3_6H_X5.L2_F2B5_DUO52HI53LO,CPC001_PC3_6H_X1_B3_DUO52HI53LO:P22|CPC001_PC3_6H_X2_B3_DUO52HI53LO:P22|CPC001_PC3_6H_X3_B3_DUO52HI53LO:P22|CPC001_PC3_6H_X5.L2_F2B5_DUO52HI53LO:P22,,CPC,arachidonamide,1,1,0,1,arachidonamide_10 uM_6 h_PC3,1,arachidonamide_10 uM_6 h
b3,10,10,uM,10 uM,24 h,24,h,PC3,BRD-K13169950,5,0.65,577,0.619263,0,"""""""""""""""""""""""""""""""""",0,0,0.560016,0.754156,25.09,87.7692,1,1,BRD-K13169950,CPC003_PC3_24H:BRD-K13169950-001-04-5:10,trt_cp,PC3,L22,CPC003_PC3_24H_X1_B3_DUO52HI53LO|CPC003_PC3_24H_X2_B3_DUO52HI53LO|CPC003_PC3_24H_X3_B3_DUO52HI53LO|CPC003_PC3_24H_X4_F1B5_DUO52HI53LO|CPC003_PC3_24H_X5_B5_DUO52HI53LO,CPC003_PC3_24H_X1_B3_DUO52HI53LO:L22|CPC003_PC3_24H_X2_B3_DUO52HI53LO:L22|CPC003_PC3_24H_X3_B3_DUO52HI53LO:L22|CPC003_PC3_24H_X4_F1B5_DUO52HI53LO:L22|CPC003_PC3_24H_X5_B5_DUO52HI53LO:L22,,CPC,NSC-3852,1,1,0,1,NSC-3852_10 uM_24 h_PC3,1,NSC-3852_10 uM_24 h
b3,10,10,uM,10 uM,24 h,24,h,PC3,BRD-K18619710,5,0.76,648,0.709618,0.10917,"""""""""""""""""""""""""""""""""",0.200377,0.268304,0.678533,0.845372,27.24,90.066,1,1,BRD-K18619710,CPC002_PC3_24H:BRD-K18619710-001-03-7:10,trt_cp,PC3,I21,CPC002_PC3_24H_X1_B3_DUO52HI53LO|CPC002_PC3_24H_X2_B3_DUO52HI53LO|CPC002_PC3_24H_X3_B3_DUO52HI53LO|CPC002_PC3_24H_X4_B4_DUO52HI53LO|CPC002_PC3_24H_X5_F1B5_DUO52HI53LO,CPC002_PC3_24H_X1_B3_DUO52HI53LO:I21|CPC002_PC3_24H_X2_B3_DUO52HI53LO:I21|CPC002_PC3_24H_X3_B3_DUO52HI53LO:I21|CPC002_PC3_24H_X4_B4_DUO52HI53LO:I21|CPC002_PC3_24H_X5_F1B5_DUO52HI53LO:I21,,CPC,digoxigenin,1,1,0,1,digoxigenin_10 uM_24 h_PC3,1,digoxigenin_10 uM_24 h
b3,10,10,uM,10 uM,24 h,24,h,PC3,BRD-K38477985,5,0.69,578,0.638585,0,"""""""""""""""""""""""""""""""""",0,0.0659631,0.63423,0.810996,25.09,87.7692,1,1,BRD-K38477985,CPC003_PC3_24H:BRD-K38477985-001-01-8:10,trt_cp,PC3,D17,CPC003_PC3_24H_X1_B3_DUO52HI53LO|CPC003_PC3_24H_X2_B3_DUO52HI53LO|CPC003_PC3_24H_X3_B3_DUO52HI53LO|CPC003_PC3_24H_X4_F1B5_DUO52HI53LO|CPC003_PC3_24H_X5_B5_DUO52HI53LO,CPC003_PC3_24H_X1_B3_DUO52HI53LO:D17|CPC003_PC3_24H_X2_B3_DUO52HI53LO:D17|CPC003_PC3_24H_X3_B3_DUO52HI53LO:D17|CPC003_PC3_24H_X4_F1B5_DUO52HI53LO:D17|CPC003_PC3_24H_X5_B5_DUO52HI53LO:D17,,CPC,malonoben,1,1,0,1,malonoben_10 uM_24 h_PC3,1,malonoben_10 uM_24 h
b5,10,10,uM,10 uM,24 h,24,h,PC3,BRD-A55554369,4,0.35,268,0.309693,6.31001,"""""""""""""""""""""""""""""""""",17.499,18.2788,0.220289,0.429831,10.89,46.2245,0,1,BRD-A55554369,CPC007_PC3_24H:BRD-A55554369-001-06-9:10,trt_cp,PC3,K08,CPC007_PC3_24H_X1_B5_DUO52HI53LO|CPC007_PC3_24H_X2_B5_DUO52HI53LO|CPC007_PC3_24H_X3_B5_DUO52HI53LO|CPC007_PC3_24H_X5_F1B5_DUO52HI53LO,CPC007_PC3_24H_X1_B5_DUO52HI53LO:K08|CPC007_PC3_24H_X2_B5_DUO52HI53LO:K08|CPC007_PC3_24H_X3_B5_DUO52HI53LO:K08|CPC007_PC3_24H_X5_F1B5_DUO52HI53LO:K08,,CPC,BRD-A55554369,1,1,0,1,BRD-A55554369_10 uM_24 h_PC3,1,BRD-A55554369_10 uM_24 h
b3,10,10,uM,10 uM,6 h,6,h,PC3,BRD-K68077509,5,0.38,397,0.392751,1.6269,"""""""""""""""""""""""""""""""""",15.8214,5.98654,0.144281,0.402445,24.26,86.4198,0,1,BRD-K68077509,CPC010_PC3_6H:BRD-K68077509-001-08-1:10,trt_cp,PC3,O20,CPC010_PC3_6H_X1_B3_DUO52HI53LO|CPC010_PC3_6H_X2_B3_DUO52HI53LO|CPC010_PC3_6H_X3_B3_DUO52HI53LO|CPC010_PC3_6H_X4_F1B5_DUO52HI53LO|CPC010_PC3_6H_X5_F1B5_DUO52HI53LO,CPC010_PC3_6H_X1_B3_DUO52HI53LO:O20|CPC010_PC3_6H_X2_B3_DUO52HI53LO:O20|CPC010_PC3_6H_X3_B3_DUO52HI53LO:O20|CPC010_PC3_6H_X4_F1B5_DUO52HI53LO:O20|CPC010_PC3_6H_X5_F1B5_DUO52HI53LO:O20,,CPC,brucine,1,1,0,1,brucine_10 uM_6 h_PC3,1,brucine_10 uM_6 h
b5,10,10,uM,10 uM,24 h,24,h,PC3,BRD-K29622226,5,0.35,255,0.302089,2.71186,"""""""""""""""""""""""""""""""""",31.4477,37.1743,0.0675899,0.259633,18.31,75.2512,0,1,BRD-K29622226,CPC013_PC3_24H:BRD-K29622226-001-01-9:10,trt_cp,PC3,E08,CPC013_PC3_24H_X1_B5_DUO52HI53LO|CPC013_PC3_24H_X2_B5_DUO52HI53LO|CPC013_PC3_24H_X3_B5_DUO52HI53LO|CPC013_PC3_24H_X4_B5_DUO52HI53LO|CPC013_PC3_24H_X5_B5_DUO52HI53LO,CPC013_PC3_24H_X1_B5_DUO52HI53LO:E08|CPC013_PC3_24H_X2_B5_DUO52HI53LO:E08|CPC013_PC3_24H_X3_B5_DUO52HI53LO:E08|CPC013_PC3_24H_X4_B5_DUO52HI53LO:E08|CPC013_PC3_24H_X5_B5_DUO52HI53LO:E08,,CPC,BRD-K29622226,1,1,0,1,BRD-K29622226_10 uM_24 h_PC3,1,BRD-K29622226_10 uM_24 h
f1b4,10,10,uM,10 uM,24 h,24,h,PC3,BRD-K42489623,5,0.44,303,0.369214,0.163399,"""""""""""""""""""""""""""""""""",0.399298,0.530329,0.37334,0.700323,21.13,81.6825,1,1,BRD-K42489623,CPC009_PC3_24H:BRD-K42489623-001-06-4:10,trt_cp,PC3,O08,CPC009_PC3_24H_X1_F1B4_DUO52HI53LO|CPC009_PC3_24H_X2_F1B4_DUO52HI53LO|CPC009_PC3_24H_X3_F1B4_DUO52HI53LO|CPC009_PC3_24H_X4_B5_DUO52HI53LO|CPC009_PC3_24H_X5_F1B5_DUO52HI53LO,CPC009_PC3_24H_X1_F1B4_DUO52HI53LO:O08|CPC009_PC3_24H_X2_F1B4_DUO52HI53LO:O08|CPC009_PC3_24H_X3_F1B4_DUO52HI53LO:O08|CPC009_PC3_24H_X4_B5_DUO52HI53LO:O08|CPC009_PC3_24H_X5_F1B5_DUO52HI53LO:O08,,CPC,BRD-K42489623,1,1,0,1,BRD-K42489623_10 uM_24 h_PC3,1,BRD-K42489623_10 uM_24 h
b4,10,10,uM,10 uM,6 h,6,h,PC3,BRD-K68313733,4,0.5,210,0.327661,0,"""""""""""""""""""""""""""""""""",0,0.198413,0.365643,0.713629,19.78,79.242,1,1,BRD-K68313733,CPC014_PC3_6H:BRD-K68313733-001-07-0:10,trt_cp,PC3,E14,CPC014_PC3_6H_X1_B4_DUO52HI53LO|CPC014_PC3_6H_X2_B4_DUO52HI53LO|CPC014_PC3_6H_X3_B4_DUO52HI53LO|CPC014_PC3_6H_X4_B5_DUO52HI53LO,CPC014_PC3_6H_X1_B4_DUO52HI53LO:E14|CPC014_PC3_6H_X2_B4_DUO52HI53LO:E14|CPC014_PC3_6H_X3_B4_DUO52HI53LO:E14|CPC014_PC3_6H_X4_B5_DUO52HI53LO:E14,,CPC,BRD-K68313733,1,1,0,1,BRD-K68313733_10 uM_6 h_PC3,1,BRD-K68313733_10 uM_6 h
b4,10,10,uM,10 uM,24 h,24,h,PC3,BRD-A55484088,4,0.77,598,0.686162,0,"""""""""""""""""""""""""""""""""",0,0,0.632777,0.805851,25.55,88.4295,1,1,BRD-A55484088,CPC005_PC3_24H:BRD-A55484088-050-01-7:10,trt_cp,PC3,N24,CPC005_PC3_24H_X1_B4_DUO52HI53LO|CPC005_PC3_24H_X2_B4_DUO52HI53LO|CPC005_PC3_24H_X3_B4_DUO52HI53LO|CPC005_PC3_24H_X5_B5_DUO52HI53LO,CPC005_PC3_24H_X1_B4_DUO52HI53LO:N24|CPC005_PC3_24H_X2_B4_DUO52HI53LO:N24|CPC005_PC3_24H_X3_B4_DUO52HI53LO:N24|CPC005_PC3_24H_X5_B5_DUO52HI53LO:N24,,CPC,BNTX,1,1,0,1,BNTX_10 uM_24 h_PC3,1,BNTX_10 uM_24 h
b3,10,10,uM,10 uM,24 h,24,h,PC3,BRD-K73991644,3,0.56,345,0.444461,0,"""""""""""""""""""""""""""""""""",0,0,0.511775,0.80504,20.96,81.3953,1,1,BRD-K73991644,CPC011_PC3_24H:BRD-K73991644-001-05-8:10,trt_cp,PC3,B17,CPC011_PC3_24H_X1_B3_DUO52HI53LO|CPC011_PC3_24H_X2_B3_DUO52HI53LO|CPC011_PC3_24H_X4_B5_DUO52HI53LO,CPC011_PC3_24H_X1_B3_DUO52HI53LO:B17|CPC011_PC3_24H_X2_B3_DUO52HI53LO:B17|CPC011_PC3_24H_X4_B5_DUO52HI53LO:B17,,CPC,isoquercetin,1,1,0,1,isoquercetin_10 uM_24 h_PC3,1,isoquercetin_10 uM_24 h
b4,10,10,uM,10 uM,24 h,24,h,PC3,BRD-K27141178,5,0.33,307,0.321852,0.871935,"""""""""""""""""""""""""""""""""",40.5077,44.7265,0.0358159,0.100058,25.55,88.4295,0,1,BRD-K27141178,CPC005_PC3_24H:BRD-K27141178-003-02-4:10,trt_cp,PC3,H02,CPC005_PC3_24H_X1_B4_DUO52HI53LO|CPC005_PC3_24H_X2_B4_DUO52HI53LO|CPC005_PC3_24H_X3_B4_DUO52HI53LO|CPC005_PC3_24H_X4_B5_DUO52HI53LO|CPC005_PC3_24H_X5_B5_DUO52HI53LO,CPC005_PC3_24H_X1_B4_DUO52HI53LO:H02|CPC005_PC3_24H_X2_B4_DUO52HI53LO:H02|CPC005_PC3_24H_X3_B4_DUO52HI53LO:H02|CPC005_PC3_24H_X4_B5_DUO52HI53LO:H02|CPC005_PC3_24H_X5_B5_DUO52HI53LO:H02,,CPC,SB-203186,1,1,0,1,SB-203186_10 uM_24 h_PC3,1,SB-203186_10 uM_24 h
f1b4,10,10,uM,10 uM,24 h,24,h,PC3,BRD-K14027855,5,0.58,463,0.524005,0.108932,"""""""""""""""""""""""""""""""""",0.266316,0.198939,0.569547,0.780094,21.13,81.6825,1,1,BRD-K14027855,CPC009_PC3_24H:BRD-K14027855-019-01-8:10,trt_cp,PC3,B10,CPC009_PC3_24H_X1_F1B4_DUO52HI53LO|CPC009_PC3_24H_X2_F1B4_DUO52HI53LO|CPC009_PC3_24H_X3_F1B4_DUO52HI53LO|CPC009_PC3_24H_X4_B5_DUO52HI53LO|CPC009_PC3_24H_X5_F1B5_DUO52HI53LO,CPC009_PC3_24H_X1_F1B4_DUO52HI53LO:B10|CPC009_PC3_24H_X2_F1B4_DUO52HI53LO:B10|CPC009_PC3_24H_X3_F1B4_DUO52HI53LO:B10|CPC009_PC3_24H_X4_B5_DUO52HI53LO:B10|CPC009_PC3_24H_X5_F1B5_DUO52HI53LO:B10,,CPC,BRD-K14027855,1,1,0,1,BRD-K14027855_10 uM_24 h_PC3,1,BRD-K14027855_10 uM_24 h
b4,10,10,uM,10 uM,6 h,6,h,PC3,BRD-K73982490,3,0.35,277,0.314851,0.137646,"""""""""""""""""""""""""""""""""",0.661376,0.533345,0.31934,0.646374,19.78,79.242,1,1,BRD-K73982490,CPC014_PC3_6H:BRD-K73982490-001-01-1:10,trt_cp,PC3,N04,CPC014_PC3_6H_X1_B4_DUO52HI53LO|CPC014_PC3_6H_X2_B4_DUO52HI53LO|CPC014_PC3_6H_X3_B4_DUO52HI53LO,CPC014_PC3_6H_X1_B4_DUO52HI53LO:N04|CPC014_PC3_6H_X2_B4_DUO52HI53LO:N04|CPC014_PC3_6H_X3_B4_DUO52HI53LO:N04,,CPC,BI-78D3,1,1,0,1,BI-78D3_10 uM_6 h_PC3,1,BI-78D3_10 uM_6 h
b3,10,10,uM,10 uM,6 h,6,h,PC3,BRD-K29198371,5,0.4,439,0.423734,1.73067,"""""""""""""""""""""""""""""""""",22.6445,19.4815,0.070257,0.317247,15.49,66.6667,0,1,BRD-K29198371,CPC007_PC3_6H:BRD-K29198371-001-06-2:10,trt_cp,PC3,B11,CPC007_PC3_6H_X1_B3_DUO52HI53LO|CPC007_PC3_6H_X2_B3_DUO52HI53LO|CPC007_PC3_6H_X3_B3_DUO52HI53LO|CPC007_PC3_6H_X4_F1B5_DUO52HI53LO|CPC007_PC3_6H_X5_F1B5_DUO52HI53LO,CPC007_PC3_6H_X1_B3_DUO52HI53LO:B11|CPC007_PC3_6H_X2_B3_DUO52HI53LO:B11|CPC007_PC3_6H_X3_B3_DUO52HI53LO:B11|CPC007_PC3_6H_X4_F1B5_DUO52HI53LO:B11|CPC007_PC3_6H_X5_F1B5_DUO52HI53LO:B11,,CPC,JAS07-003,1,1,0,1,JAS07-003_10 uM_6 h_PC3,1,JAS07-003_10 uM_6 h
b4,10,10,uM,10 uM,6 h,6,h,PC3,BRD-K86899078,5,0.38,292,0.336832,0.706522,"""""""""""""""""""""""""""""""""",1.15126,0.744427,0.312503,0.644833,28.6,91.1858,1,1,BRD-K86899078,CPC019_PC3_6H:BRD-K86899078-001-01-2:10,trt_cp,PC3,C22,CPC019_PC3_6H_X1_B4_DUO52HI53LO|CPC019_PC3_6H_X2_B4_DUO52HI53LO|CPC019_PC3_6H_X3_B4_DUO52HI53LO|CPC019_PC3_6H_X4_F1B4_DUO52HI53LO|CPC019_PC3_6H_X5_F1B4_DUO52HI53LO,CPC019_PC3_6H_X1_B4_DUO52HI53LO:C22|CPC019_PC3_6H_X2_B4_DUO52HI53LO:C22|CPC019_PC3_6H_X3_B4_DUO52HI53LO:C22|CPC019_PC3_6H_X4_F1B4_DUO52HI53LO:C22|CPC019_PC3_6H_X5_F1B4_DUO52HI53LO:C22,,CPC,BRD-K86899078,1,1,0,1,BRD-K86899078_10 uM_6 h_PC3,1,BRD-K86899078_10 uM_6 h
b5,10,10,uM,10 uM,24 h,24,h,PC3,BRD-A96799240,5,0.49,326,0.404145,0.054615,"""""""""""""""""""""""""""""""""",0.26738,0.336775,0.44,0.709284,18.07,74.5047,1,1,BRD-A96799240,CPC014_PC3_24H:BRD-A96799240-001-01-7:10,trt_cp,PC3,L11,CPC014_PC3_24H_X1_B5_DUO52HI53LO|CPC014_PC3_24H_X2_B5_DUO52HI53LO|CPC014_PC3_24H_X3_F2B4_DUO52HI53LO|CPC014_PC3_24H_X4_B5_DUO52HI53LO|CPC014_PC3_24H_X5.L2_F2B5_DUO52HI53LO,CPC014_PC3_24H_X1_B5_DUO52HI53LO:L11|CPC014_PC3_24H_X2_B5_DUO52HI53LO:L11|CPC014_PC3_24H_X3_F2B4_DUO52HI53LO:L11|CPC014_PC3_24H_X4_B5_DUO52HI53LO:L11|CPC014_PC3_24H_X5.L2_F2B5_DUO52HI53LO:L11,,CPC,BRD-A96799240,1,1,0,1,BRD-A96799240_10 uM_24 h_PC3,1,BRD-A96799240_10 uM_24 h
b4,10,10,uM,10 uM,6 h,6,h,PC3,BRD-K77008974,4,0.51,376,0.442802,0.137646,"""""""""""""""""""""""""""""""""",0.474252,0.403353,0.438325,0.689574,19.78,79.242,1,1,BRD-K77008974,CPC014_PC3_6H:BRD-K77008974-001-01-6:10,trt_cp,PC3,O02,CPC014_PC3_6H_X1_B4_DUO52HI53LO|CPC014_PC3_6H_X2_B4_DUO52HI53LO|CPC014_PC3_6H_X3_B4_DUO52HI53LO|CPC014_PC3_6H_X4_B5_DUO52HI53LO,CPC014_PC3_6H_X1_B4_DUO52HI53LO:O02|CPC014_PC3_6H_X2_B4_DUO52HI53LO:O02|CPC014_PC3_6H_X3_B4_DUO52HI53LO:O02|CPC014_PC3_6H_X4_B5_DUO52HI53LO:O02,,CPC,WYE-354,1,1,0,1,WYE-354_10 uM_6 h_PC3,1,WYE-354_10 uM_6 h
b5,10,10,uM,10 uM,24 h,24,h,PC3,BRD-K07265709,5,0.55,312,0.41888,0.10923,"""""""""""""""""""""""""""""""""",0.200178,0.133333,0.498182,0.71959,18.07,74.5047,1,1,BRD-K07265709,CPC014_PC3_24H:BRD-K07265709-003-01-5:10,trt_cp,PC3,F16,CPC014_PC3_24H_X1_B5_DUO52HI53LO|CPC014_PC3_24H_X2_B5_DUO52HI53LO|CPC014_PC3_24H_X3_F2B4_DUO52HI53LO|CPC014_PC3_24H_X4_B5_DUO52HI53LO|CPC014_PC3_24H_X5.L2_F2B5_DUO52HI53LO,CPC014_PC3_24H_X1_B5_DUO52HI53LO:F16|CPC014_PC3_24H_X2_B5_DUO52HI53LO:F16|CPC014_PC3_24H_X3_F2B4_DUO52HI53LO:F16|CPC014_PC3_24H_X4_B5_DUO52HI53LO:F16|CPC014_PC3_24H_X5.L2_F2B5_DUO52HI53LO:F16,,CPC,razoxane,1,1,0,1,razoxane_10 uM_24 h_PC3,1,razoxane_10 uM_24 h
b3,10,10,uM,10 uM,24 h,24,h,PC3,BRD-A44551378-001-01-9,4,0.3705,453,0.414261,0.107411,"0.30,0.17,0.25,0.28",1.48485,4.64893,0.305207,0.520911,30.03,91.8748,1,1,BRD-A44551378,CPC001_PC3_24H:N01,trt_cp,PC3,N01,CPC001_PC3_24H_X2_B3_DUO52HI53LO|CPC001_PC3_24H_X3_F1B3_DUO52HI53LO|CPC001_PC3_24H_X4_F2B4_DUO52HI53LO|CPC001_PC3_24H_X5_B5_DUO52HI53LO,CPC001_PC3_24H_X2_B3_DUO52HI53LO:N01|CPC001_PC3_24H_X3_F1B3_DUO52HI53LO:N01|CPC001_PC3_24H_X4_F2B4_DUO52HI53LO:N01|CPC001_PC3_24H_X5_B5_DUO52HI53LO:N01,,CPC,LFM-A12,1,1,0,1,LFM-A12_10 uM_24 h_PC3,1,LFM-A12_10 uM_24 h
f2b4,10,10,uM,10 uM,24 h,24,h,PC3,BRD-K69888333,5,0.38,367,0.37762,0.216216,"""""""""""""""""""""""""""""""""",2.26903,0.465429,0.230496,0.582591,23.45,85.3575,1,1,BRD-K69888333,CPC012_PC3_24H:BRD-K69888333-001-01-7:10,trt_cp,PC3,L13,CPC012_PC3_24H_X1_F2B4_DUO52HI53LO|CPC012_PC3_24H_X2_B5_DUO52HI53LO|CPC012_PC3_24H_X3_F1B5_DUO52HI53LO|CPC012_PC3_24H_X4.L2_F2B5_DUO52HI53LO|CPC012_PC3_24H_X5.L2_F2B5_DUO52HI53LO,CPC012_PC3_24H_X1_F2B4_DUO52HI53LO:L13|CPC012_PC3_24H_X2_B5_DUO52HI53LO:L13|CPC012_PC3_24H_X3_F1B5_DUO52HI53LO:L13|CPC012_PC3_24H_X4.L2_F2B5_DUO52HI53LO:L13|CPC012_PC3_24H_X5.L2_F2B5_DUO52HI53LO:L13,,CPC,BRD-K69888333,1,1,0,1,BRD-K69888333_10 uM_24 h_PC3,1,BRD-K69888333_10 uM_24 h
b4,12,11.1,uM,12 uM,24 h,24,h,PC3,BRD-K19295594-001-08-5,5,0.7767,553,0.662704,0,"0.21,0.20,0.18,0.21,0.20",0,0,0.726114,0.841626,21.67,82.8883,1,1,BRD-K19295594,CPC006_PC3_24H:G11,trt_cp,PC3,G11,CPC006_PC3_24H_X1_B4_DUO52HI53LO|CPC006_PC3_24H_X2_F1B3_DUO52HI53LO|CPC006_PC3_24H_X3_F1B3_DUO52HI53LO|CPC006_PC3_24H_X4_B4_DUO52HI53LO|CPC006_PC3_24H_X5_B4_DUO52HI53LO,CPC006_PC3_24H_X1_B4_DUO52HI53LO:G11|CPC006_PC3_24H_X2_F1B3_DUO52HI53LO:G11|CPC006_PC3_24H_X3_F1B3_DUO52HI53LO:G11|CPC006_PC3_24H_X4_B4_DUO52HI53LO:G11|CPC006_PC3_24H_X5_B4_DUO52HI53LO:G11,,CPC,gossypol,1,1,0,1,gossypol_12 uM_24 h_PC3,1,gossypol_12 uM_24 h
b5,10,10,uM,10 uM,24 h,24,h,PC3,BRD-A96746500,5,0.25,425,0.329606,5.07042,"""""""""""""""""""""""""""""""""",19.8723,35.9804,0.0819065,0.292488,21.35,82.3428,0,1,BRD-A96746500,CPC008_PC3_24H:BRD-A96746500-019-01-5:10,trt_cp,PC3,I19,CPC008_PC3_24H_X1_B5_DUO52HI53LO|CPC008_PC3_24H_X2_B5_DUO52HI53LO|CPC008_PC3_24H_X3_B5_DUO52HI53LO|CPC008_PC3_24H_X4_B5_DUO52HI53LO|CPC008_PC3_24H_X5_B5_DUO52HI53LO,CPC008_PC3_24H_X1_B5_DUO52HI53LO:I19|CPC008_PC3_24H_X2_B5_DUO52HI53LO:I19|CPC008_PC3_24H_X3_B5_DUO52HI53LO:I19|CPC008_PC3_24H_X4_B5_DUO52HI53LO:I19|CPC008_PC3_24H_X5_B5_DUO52HI53LO:I19,,CPC,BRD-A96746500,1,1,0,1,BRD-A96746500_10 uM_24 h_PC3,1,BRD-A96746500_10 uM_24 h
f2b4,10,10,uM,10 uM,24 h,24,h,PC3,BRD-K99615199,5,0.31,368,0.341535,2.42981,"""""""""""""""""""""""""""""""""",12.2144,25.915,0.142483,0.263488,19.15,77.5194,0,1,BRD-K99615199,CPC010_PC3_24H:BRD-K99615199-001-15-1:10,trt_cp,PC3,B22,CPC010_PC3_24H_X1_F2B4_DUO52HI53LO|CPC010_PC3_24H_X2_B5_DUO52HI53LO|CPC010_PC3_24H_X3_B5_DUO52HI53LO|CPC010_PC3_24H_X4_F2B4_DUO52HI53LO|CPC010_PC3_24H_X5_B5_DUO52HI53LO,CPC010_PC3_24H_X1_F2B4_DUO52HI53LO:B22|CPC010_PC3_24H_X2_B5_DUO52HI53LO:B22|CPC010_PC3_24H_X3_B5_DUO52HI53LO:B22|CPC010_PC3_24H_X4_F2B4_DUO52HI53LO:B22|CPC010_PC3_24H_X5_B5_DUO52HI53LO:B22,,CPC,BRD-K99615199,1,1,0,1,BRD-K99615199_10 uM_24 h_PC3,1,BRD-K99615199_10 uM_24 h
b3,10,10,uM,10 uM,6 h,6,h,PC3,BRD-K57238941,5,0.46,284,0.365484,0.107701,"""""""""""""""""""""""""""""""""",0.132275,0.265608,0.387652,0.623135,27.53,90.2957,1,1,BRD-K57238941,CPC008_PC3_6H:BRD-K57238941-001-06-2:10,trt_cp,PC3,F10,CPC008_PC3_6H_X1_B3_DUO52HI53LO|CPC008_PC3_6H_X2_B3_DUO52HI53LO|CPC008_PC3_6H_X3_B3_DUO52HI53LO|CPC008_PC3_6H_X4_F1B5_DUO52HI53LO|CPC008_PC3_6H_X5_F1B5_DUO52HI53LO,CPC008_PC3_6H_X1_B3_DUO52HI53LO:F10|CPC008_PC3_6H_X2_B3_DUO52HI53LO:F10|CPC008_PC3_6H_X3_B3_DUO52HI53LO:F10|CPC008_PC3_6H_X4_F1B5_DUO52HI53LO:F10|CPC008_PC3_6H_X5_F1B5_DUO52HI53LO:F10,,CPC,BRD-K57238941,1,1,0,1,BRD-K57238941_10 uM_6 h_PC3,1,BRD-K57238941_10 uM_6 h
b3,10,10,uM,10 uM,6 h,6,h,PC3,BRD-K98490050,5,0.39,386,0.392335,0.219058,"""""""""""""""""""""""""""""""""",0.338398,0,0.2751,0.644265,25.1,87.8266,1,1,BRD-K98490050,CPC004_PC3_6H:BRD-K98490050-001-01-8:10,trt_cp,PC3,D04,CPC004_PC3_6H_X1_B3_DUO52HI53LO|CPC004_PC3_6H_X2_B3_DUO52HI53LO|CPC004_PC3_6H_X3_B3_DUO52HI53LO|CPC004_PC3_6H_X4_B4_DUO52HI53LO|CPC004_PC3_6H_X5_F1B5_DUO52HI53LO,CPC004_PC3_6H_X1_B3_DUO52HI53LO:D04|CPC004_PC3_6H_X2_B3_DUO52HI53LO:D04|CPC004_PC3_6H_X3_B3_DUO52HI53LO:D04|CPC004_PC3_6H_X4_B4_DUO52HI53LO:D04|CPC004_PC3_6H_X5_F1B5_DUO52HI53LO:D04,,CPC,amsacrine,1,1,0,1,amsacrine_10 uM_6 h_PC3,1,amsacrine_10 uM_6 h
b5,10,10,uM,10 uM,24 h,24,h,PC3,BRD-A80793822,4,0.33,531,0.423287,4.38116,"""""""""""""""""""""""""""""""""",18.5287,14.942,0.157614,0.48072,19.14,77.4907,0,1,BRD-A80793822,CPC020_PC3_24H:BRD-A80793822-001-01-4:10,trt_cp,PC3,O01,CPC020_PC3_24H_X1_B5_DUO52HI53LO|CPC020_PC3_24H_X2_B5_DUO52HI53LO|CPC020_PC3_24H_X4_B5_DUO52HI53LO|CPC020_PC3_24H_X5_B5_DUO52HI53LO,CPC020_PC3_24H_X1_B5_DUO52HI53LO:O01|CPC020_PC3_24H_X2_B5_DUO52HI53LO:O01|CPC020_PC3_24H_X4_B5_DUO52HI53LO:O01|CPC020_PC3_24H_X5_B5_DUO52HI53LO:O01,,CPC,pemoline,1,1,0,1,pemoline_10 uM_24 h_PC3,1,pemoline_10 uM_24 h
b4,10,10,uM,10 uM,6 h,6,h,PC3,BRD-K76236182,5,0.39,326,0.360555,0.110193,"""""""""""""""""""""""""""""""""",0.813795,0.133333,0.296384,0.656013,30.89,92.5639,1,1,BRD-K76236182,CPC013_PC3_6H:BRD-K76236182-001-01-2:10,trt_cp,PC3,E02,CPC013_PC3_6H_X1_B4_DUO52HI53LO|CPC013_PC3_6H_X2_B4_DUO52HI53LO|CPC013_PC3_6H_X3_B4_DUO52HI53LO|CPC013_PC3_6H_X4_B5_DUO52HI53LO|CPC013_PC3_6H_X5_B5_DUO52HI53LO,CPC013_PC3_6H_X1_B4_DUO52HI53LO:E02|CPC013_PC3_6H_X2_B4_DUO52HI53LO:E02|CPC013_PC3_6H_X3_B4_DUO52HI53LO:E02|CPC013_PC3_6H_X4_B5_DUO52HI53LO:E02|CPC013_PC3_6H_X5_B5_DUO52HI53LO:E02,,CPC,BRD-K76236182,1,1,0,1,BRD-K76236182_10 uM_6 h_PC3,1,BRD-K76236182_10 uM_6 h
b3,10,10,uM,10 uM,6 h,6,h,PC3,BRD-K79511609,4,0.46,334,0.396354,0,"""""""""""""""""""""""""""""""""",0,0,0.453496,0.717696,19.5,78.4668,1,1,BRD-K79511609,CPC011_PC3_6H:BRD-K79511609-001-17-6:10,trt_cp,PC3,B22,CPC011_PC3_6H_X1_B3_DUO52HI53LO|CPC011_PC3_6H_X3_B3_DUO52HI53LO|CPC011_PC3_6H_X4_B5_DUO52HI53LO|CPC011_PC3_6H_X5_B5_DUO52HI53LO,CPC011_PC3_6H_X1_B3_DUO52HI53LO:B22|CPC011_PC3_6H_X3_B3_DUO52HI53LO:B22|CPC011_PC3_6H_X4_B5_DUO52HI53LO:B22|CPC011_PC3_6H_X5_B5_DUO52HI53LO:B22,,CPC,BRD-K79511609,1,1,0,1,BRD-K79511609_10 uM_6 h_PC3,1,BRD-K79511609_10 uM_6 h
b5,10,10,uM,10 uM,24 h,24,h,PC3,BRD-K06436323,5,0.4,262,0.327349,0.112676,"""""""""""""""""""""""""""""""""",2.19593,0.202371,0.276188,0.578232,21.35,82.3428,1,1,BRD-K06436323,CPC008_PC3_24H:BRD-K06436323-001-01-3:10,trt_cp,PC3,O04,CPC008_PC3_24H_X1_B5_DUO52HI53LO|CPC008_PC3_24H_X2_B5_DUO52HI53LO|CPC008_PC3_24H_X3_B5_DUO52HI53LO|CPC008_PC3_24H_X4_B5_DUO52HI53LO|CPC008_PC3_24H_X5_B5_DUO52HI53LO,CPC008_PC3_24H_X1_B5_DUO52HI53LO:O04|CPC008_PC3_24H_X2_B5_DUO52HI53LO:O04|CPC008_PC3_24H_X3_B5_DUO52HI53LO:O04|CPC008_PC3_24H_X4_B5_DUO52HI53LO:O04|CPC008_PC3_24H_X5_B5_DUO52HI53LO:O04,,CPC,BRD-K06436323,1,1,0,1,BRD-K06436323_10 uM_24 h_PC3,1,BRD-K06436323_10 uM_24 h
b3,10,10,uM,10 uM,6 h,6,h,PC3,BRD-K05331696,5,0.31,354,0.334976,0.921909,"""""""""""""""""""""""""""""""""",1.00196,0.530876,0.181407,0.516672,24.26,86.4198,1,1,BRD-K05331696,CPC010_PC3_6H:BRD-K05331696-001-02-4:10,trt_cp,PC3,A06,CPC010_PC3_6H_X1_B3_DUO52HI53LO|CPC010_PC3_6H_X2_B3_DUO52HI53LO|CPC010_PC3_6H_X3_B3_DUO52HI53LO|CPC010_PC3_6H_X4_F1B5_DUO52HI53LO|CPC010_PC3_6H_X5_F1B5_DUO52HI53LO,CPC010_PC3_6H_X1_B3_DUO52HI53LO:A06|CPC010_PC3_6H_X2_B3_DUO52HI53LO:A06|CPC010_PC3_6H_X3_B3_DUO52HI53LO:A06|CPC010_PC3_6H_X4_F1B5_DUO52HI53LO:A06|CPC010_PC3_6H_X5_F1B5_DUO52HI53LO:A06,,CPC,BRD-K05331696,1,1,0,1,BRD-K05331696_10 uM_6 h_PC3,1,BRD-K05331696_10 uM_6 h
b4,10,10,uM,10 uM,6 h,6,h,PC3,BRD-K01507359,5,0.27,331,0.302292,2.09945,"""""""""""""""""""""""""""""""""",12.9144,44.2101,0.191942,0.141669,23.38,85.1852,0,1,BRD-K01507359,CPC020_PC3_6H:BRD-K01507359-001-10-4:10,trt_cp,PC3,L01,CPC020_PC3_6H_X1_B4_DUO52HI53LO|CPC020_PC3_6H_X2_B4_DUO52HI53LO|CPC020_PC3_6H_X3_B4_DUO52HI53LO|CPC020_PC3_6H_X4_F1B4_DUO52HI53LO|CPC020_PC3_6H_X5_B5_DUO52HI53LO,CPC020_PC3_6H_X1_B4_DUO52HI53LO:L01|CPC020_PC3_6H_X2_B4_DUO52HI53LO:L01|CPC020_PC3_6H_X3_B4_DUO52HI53LO:L01|CPC020_PC3_6H_X4_F1B4_DUO52HI53LO:L01|CPC020_PC3_6H_X5_B5_DUO52HI53LO:L01,,CPC,rifampicin,1,1,0,1,rifampicin_10 uM_6 h_PC3,1,rifampicin_10 uM_6 h
b5,10,10,uM,10 uM,24 h,24,h,PC3,BRD-K95196255,4,0.45,341,0.396108,0.274348,"""""""""""""""""""""""""""""""""",0.546165,0.539502,0.41908,0.746071,10.89,46.2245,1,1,BRD-K95196255,CPC007_PC3_24H:BRD-K95196255-001-09-0:10,trt_cp,PC3,E08,CPC007_PC3_24H_X1_B5_DUO52HI53LO|CPC007_PC3_24H_X2_B5_DUO52HI53LO|CPC007_PC3_24H_X3_B5_DUO52HI53LO|CPC007_PC3_24H_X5_F1B5_DUO52HI53LO,CPC007_PC3_24H_X1_B5_DUO52HI53LO:E08|CPC007_PC3_24H_X2_B5_DUO52HI53LO:E08|CPC007_PC3_24H_X3_B5_DUO52HI53LO:E08|CPC007_PC3_24H_X5_F1B5_DUO52HI53LO:E08,,CPC,BRD-K95196255,1,1,0,1,BRD-K95196255_10 uM_24 h_PC3,1,BRD-K95196255_10 uM_24 h
b4,10,10,uM,10 uM,6 h,6,h,PC3,BRD-K76938712,5,0.41,271,0.33706,0.0550964,"""""""""""""""""""""""""""""""""",0.133333,0.603862,0.346498,0.616712,30.89,92.5639,1,1,BRD-K76938712,CPC013_PC3_6H:BRD-K76938712-001-01-2:10,trt_cp,PC3,E04,CPC013_PC3_6H_X1_B4_DUO52HI53LO|CPC013_PC3_6H_X2_B4_DUO52HI53LO|CPC013_PC3_6H_X3_B4_DUO52HI53LO|CPC013_PC3_6H_X4_B5_DUO52HI53LO|CPC013_PC3_6H_X5_B5_DUO52HI53LO,CPC013_PC3_6H_X1_B4_DUO52HI53LO:E04|CPC013_PC3_6H_X2_B4_DUO52HI53LO:E04|CPC013_PC3_6H_X3_B4_DUO52HI53LO:E04|CPC013_PC3_6H_X4_B5_DUO52HI53LO:E04|CPC013_PC3_6H_X5_B5_DUO52HI53LO:E04,,CPC,BRD-K76938712,1,1,0,1,BRD-K76938712_10 uM_6 h_PC3,1,BRD-K76938712_10 uM_6 h
b3,10,10,uM,10 uM,6 h,6,h,PC3,BRD-A47816767,5,0.44,308,0.372248,0,"""""""""""""""""""""""""""""""""",0.0668449,0.333232,0.362976,0.632082,15.49,66.6667,1,1,BRD-A47816767,CPC007_PC3_6H:BRD-A47816767-001-11-1:10,trt_cp,PC3,J09,CPC007_PC3_6H_X1_B3_DUO52HI53LO|CPC007_PC3_6H_X2_B3_DUO52HI53LO|CPC007_PC3_6H_X3_B3_DUO52HI53LO|CPC007_PC3_6H_X4_F1B5_DUO52HI53LO|CPC007_PC3_6H_X5_F1B5_DUO52HI53LO,CPC007_PC3_6H_X1_B3_DUO52HI53LO:J09|CPC007_PC3_6H_X2_B3_DUO52HI53LO:J09|CPC007_PC3_6H_X3_B3_DUO52HI53LO:J09|CPC007_PC3_6H_X4_F1B5_DUO52HI53LO:J09|CPC007_PC3_6H_X5_F1B5_DUO52HI53LO:J09,,CPC,BRD-A47816767,1,1,0,1,BRD-A47816767_10 uM_6 h_PC3,1,BRD-A47816767_10 uM_6 h
b3,10,10,uM,10 uM,6 h,6,h,PC3,BRD-K46424862,4,0.43,412,0.425612,0.270636,"""""""""""""""""""""""""""""""""",2.40326,3.94808,0.354698,0.527601,30.81,92.5065,1,1,BRD-K46424862,CPC005_PC3_6H:BRD-K46424862-001-04-2:10,trt_cp,PC3,H03,CPC005_PC3_6H_X1_B3_DUO52HI53LO|CPC005_PC3_6H_X2_B3_DUO52HI53LO|CPC005_PC3_6H_X3_B3_DUO52HI53LO|CPC005_PC3_6H_X5_F1B5_DUO52HI53LO,CPC005_PC3_6H_X1_B3_DUO52HI53LO:H03|CPC005_PC3_6H_X2_B3_DUO52HI53LO:H03|CPC005_PC3_6H_X3_B3_DUO52HI53LO:H03|CPC005_PC3_6H_X5_F1B5_DUO52HI53LO:H03,,CPC,hymecromone,1,1,0,1,hymecromone_10 uM_6 h_PC3,1,hymecromone_10 uM_6 h
b4,10,10,uM,10 uM,6 h,6,h,PC3,BRD-K25731886,3,0.4,298,0.349115,1.7796,"""""""""""""""""""""""""""""""""",18.2777,40.8188,0.0986613,0.127822,15.57,67.1548,0,1,BRD-K25731886,CPC012_PC3_6H:BRD-K25731886-001-01-3:10,trt_cp,PC3,L24,CPC012_PC3_6H_X1_B4_DUO52HI53LO|CPC012_PC3_6H_X4_F1B5_DUO52HI53LO|CPC012_PC3_6H_X5_F1B5_DUO52HI53LO,CPC012_PC3_6H_X1_B4_DUO52HI53LO:L24|CPC012_PC3_6H_X4_F1B5_DUO52HI53LO:L24|CPC012_PC3_6H_X5_F1B5_DUO52HI53LO:L24,,CPC,BRD-K25731886,1,1,0,1,BRD-K25731886_10 uM_6 h_PC3,1,BRD-K25731886_10 uM_6 h
b3,10,10,uM,10 uM,6 h,6,h,PC3,BRD-K72895815,4,0.33,278,0.306274,0.135685,"""""""""""""""""""""""""""""""""",0,0.0664894,0.287825,0.605489,21.06,81.4815,1,1,BRD-K72895815,CPC003_PC3_6H:BRD-K72895815-001-01-4:10,trt_cp,PC3,D02,CPC003_PC3_6H_X1_B3_DUO52HI53LO|CPC003_PC3_6H_X3_B3_DUO52HI53LO|CPC003_PC3_6H_X4_F2B4_DUO52HI53LO|CPC003_PC3_6H_X5_F1B5_DUO52HI53LO,CPC003_PC3_6H_X1_B3_DUO52HI53LO:D02|CPC003_PC3_6H_X3_B3_DUO52HI53LO:D02|CPC003_PC3_6H_X4_F2B4_DUO52HI53LO:D02|CPC003_PC3_6H_X5_F1B5_DUO52HI53LO:D02,,CPC,SSR-69071,1,1,0,1,SSR-69071_10 uM_6 h_PC3,1,SSR-69071_10 uM_6 h
b3,10,10,uM,10 uM,6 h,6,h,PC3,BRD-A79465854,4,0.6,410,0.501531,0,"""""""""""""""""""""""""""""""""",0.268817,0,0.471524,0.789772,24.57,86.8217,1,1,BRD-A79465854,CPC006_PC3_6H:BRD-A79465854-001-01-3:10,trt_cp,PC3,G14,CPC006_PC3_6H_X1_B3_DUO52HI53LO|CPC006_PC3_6H_X2_B3_DUO52HI53LO|CPC006_PC3_6H_X3_B3_DUO52HI53LO|CPC006_PC3_6H_X4_B4_DUO52HI53LO,CPC006_PC3_6H_X1_B3_DUO52HI53LO:G14|CPC006_PC3_6H_X2_B3_DUO52HI53LO:G14|CPC006_PC3_6H_X3_B3_DUO52HI53LO:G14|CPC006_PC3_6H_X4_B4_DUO52HI53LO:G14,,CPC,auranofin,1,1,0,1,auranofin_10 uM_6 h_PC3,1,auranofin_10 uM_6 h
b3,10,10,uM,10 uM,6 h,6,h,PC3,BRD-K96471533,4,0.3,300,0.303355,0.0674309,"""""""""""""""""""""""""""""""""",0.0673854,0,0.264781,0.663623,19.5,78.4668,1,1,BRD-K96471533,CPC011_PC3_6H:BRD-K96471533-001-04-1:10,trt_cp,PC3,L04,CPC011_PC3_6H_X1_B3_DUO52HI53LO|CPC011_PC3_6H_X3_B3_DUO52HI53LO|CPC011_PC3_6H_X4_B5_DUO52HI53LO|CPC011_PC3_6H_X5_B5_DUO52HI53LO,CPC011_PC3_6H_X1_B3_DUO52HI53LO:L04|CPC011_PC3_6H_X3_B3_DUO52HI53LO:L04|CPC011_PC3_6H_X4_B5_DUO52HI53LO:L04|CPC011_PC3_6H_X5_B5_DUO52HI53LO:L04,,CPC,nitazoxanide,1,1,0,1,nitazoxanide_10 uM_6 h_PC3,1,nitazoxanide_10 uM_6 h
b3,10,10,uM,10 uM,24 h,24,h,PC3,BRD-K09631521,5,0.23,517,0.34869,2.57534,"""""""""""""""""""""""""""""""""",37.4116,50.4906,0.0225393,0.181862,35.19,95.1479,0,1,BRD-K09631521,CPC004_PC3_24H:BRD-K09631521-001-05-7:10,trt_cp,PC3,D16,CPC004_PC3_24H_X1_B3_DUO52HI53LO|CPC004_PC3_24H_X2_B3_DUO52HI53LO|CPC004_PC3_24H_X3_B3_DUO52HI53LO|CPC004_PC3_24H_X4_B4_DUO52HI53LO|CPC004_PC3_24H_X5_B5_DUO52HI53LO,CPC004_PC3_24H_X1_B3_DUO52HI53LO:D16|CPC004_PC3_24H_X2_B3_DUO52HI53LO:D16|CPC004_PC3_24H_X3_B3_DUO52HI53LO:D16|CPC004_PC3_24H_X4_B4_DUO52HI53LO:D16|CPC004_PC3_24H_X5_B5_DUO52HI53LO:D16,,CPC,thiotepa,1,1,0,1,thiotepa_10 uM_24 h_PC3,1,thiotepa_10 uM_24 h
f1b4,10,10,uM,10 uM,24 h,24,h,PC3,BRD-K08219523,5,0.43,249,0.330875,0,"""""""""""""""""""""""""""""""""",0,0,0.36505,0.656662,21.13,81.6825,1,1,BRD-K08219523,CPC009_PC3_24H:BRD-K08219523-003-02-3:10,trt_cp,PC3,L22,CPC009_PC3_24H_X1_F1B4_DUO52HI53LO|CPC009_PC3_24H_X2_F1B4_DUO52HI53LO|CPC009_PC3_24H_X3_F1B4_DUO52HI53LO|CPC009_PC3_24H_X4_B5_DUO52HI53LO|CPC009_PC3_24H_X5_F1B5_DUO52HI53LO,CPC009_PC3_24H_X1_F1B4_DUO52HI53LO:L22|CPC009_PC3_24H_X2_F1B4_DUO52HI53LO:L22|CPC009_PC3_24H_X3_F1B4_DUO52HI53LO:L22|CPC009_PC3_24H_X4_B5_DUO52HI53LO:L22|CPC009_PC3_24H_X5_F1B5_DUO52HI53LO:L22,,CPC,5-nonyloxytryptamine,1,1,0,1,5-nonyloxytryptamine_10 uM_24 h_PC3,1,5-nonyloxytryptamine_10 uM_24 h
b3,10,10,uM,10 uM,6 h,6,h,PC3,BRD-A43940795,5,0.22,655,0.383851,10.1862,"""""""""""""""""""""""""""""""""",54.7551,29.8229,-0.0112973,0.169999,25.1,87.8266,0,1,BRD-A43940795,CPC004_PC3_6H:BRD-A43940795-001-03-6:10,trt_cp,PC3,M15,CPC004_PC3_6H_X1_B3_DUO52HI53LO|CPC004_PC3_6H_X2_B3_DUO52HI53LO|CPC004_PC3_6H_X3_B3_DUO52HI53LO|CPC004_PC3_6H_X4_B4_DUO52HI53LO|CPC004_PC3_6H_X5_F1B5_DUO52HI53LO,CPC004_PC3_6H_X1_B3_DUO52HI53LO:M15|CPC004_PC3_6H_X2_B3_DUO52HI53LO:M15|CPC004_PC3_6H_X3_B3_DUO52HI53LO:M15|CPC004_PC3_6H_X4_B4_DUO52HI53LO:M15|CPC004_PC3_6H_X5_F1B5_DUO52HI53LO:M15,,CPC,tetrahydropalmatine,1,1,0,1,tetrahydropalmatine_10 uM_6 h_PC3,1,tetrahydropalmatine_10 uM_6 h
f2b4,10,10,uM,10 uM,24 h,24,h,PC3,BRD-K78189262,5,0.37,258,0.312422,0.37797,"""""""""""""""""""""""""""""""""",3.06191,5.85159,0.358203,0.456646,19.15,77.5194,1,1,BRD-K78189262,CPC010_PC3_24H:BRD-K78189262-001-04-8:10,trt_cp,PC3,F11,CPC010_PC3_24H_X1_F2B4_DUO52HI53LO|CPC010_PC3_24H_X2_B5_DUO52HI53LO|CPC010_PC3_24H_X3_B5_DUO52HI53LO|CPC010_PC3_24H_X4_F2B4_DUO52HI53LO|CPC010_PC3_24H_X5_B5_DUO52HI53LO,CPC010_PC3_24H_X1_F2B4_DUO52HI53LO:F11|CPC010_PC3_24H_X2_B5_DUO52HI53LO:F11|CPC010_PC3_24H_X3_B5_DUO52HI53LO:F11|CPC010_PC3_24H_X4_F2B4_DUO52HI53LO:F11|CPC010_PC3_24H_X5_B5_DUO52HI53LO:F11,,CPC,BRD-K78189262,1,1,0,1,BRD-K78189262_10 uM_24 h_PC3,1,BRD-K78189262_10 uM_24 h
b5,10,10,uM,10 uM,24 h,24,h,PC3,BRD-K02216544,4,0.47,443,0.461404,0.112676,"""""""""""""""""""""""""""""""""",0.271052,0.0686813,0.467616,0.718257,21.35,82.3428,1,1,BRD-K02216544,CPC008_PC3_24H:BRD-K02216544-001-01-6:10,trt_cp,PC3,M20,CPC008_PC3_24H_X1_B5_DUO52HI53LO|CPC008_PC3_24H_X2_B5_DUO52HI53LO|CPC008_PC3_24H_X3_B5_DUO52HI53LO|CPC008_PC3_24H_X5_B5_DUO52HI53LO,CPC008_PC3_24H_X1_B5_DUO52HI53LO:M20|CPC008_PC3_24H_X2_B5_DUO52HI53LO:M20|CPC008_PC3_24H_X3_B5_DUO52HI53LO:M20|CPC008_PC3_24H_X5_B5_DUO52HI53LO:M20,,CPC,BRD-K02216544,1,1,0,1,BRD-K02216544_10 uM_24 h_PC3,1,BRD-K02216544_10 uM_24 h
b5,10,10,uM,10 uM,24 h,24,h,PC3,BRD-K41931739,5,0.34,272,0.307507,6.0452,"""""""""""""""""""""""""""""""""",15.3026,26.9506,0.172739,0.332904,18.31,75.2512,0,1,BRD-K41931739,CPC013_PC3_24H:BRD-K41931739-001-01-8:10,trt_cp,PC3,B22,CPC013_PC3_24H_X1_B5_DUO52HI53LO|CPC013_PC3_24H_X2_B5_DUO52HI53LO|CPC013_PC3_24H_X3_B5_DUO52HI53LO|CPC013_PC3_24H_X4_B5_DUO52HI53LO|CPC013_PC3_24H_X5_B5_DUO52HI53LO,CPC013_PC3_24H_X1_B5_DUO52HI53LO:B22|CPC013_PC3_24H_X2_B5_DUO52HI53LO:B22|CPC013_PC3_24H_X3_B5_DUO52HI53LO:B22|CPC013_PC3_24H_X4_B5_DUO52HI53LO:B22|CPC013_PC3_24H_X5_B5_DUO52HI53LO:B22,,CPC,BRD-K41931739,1,1,0,1,BRD-K41931739_10 uM_24 h_PC3,1,BRD-K41931739_10 uM_24 h
b3,10,10,uM,10 uM,24 h,24,h,PC3,BRD-K86958018-001-01-9,5,0.2007,443,0.301513,1.02041,"0.30,0.28,0.19,0.09,0.13",35.7889,18.8497,0.0457711,0.399059,30.03,91.8748,0,1,BRD-K86958018,CPC001_PC3_24H:B22,trt_cp,PC3,B22,CPC001_PC3_24H_X1_B3_DUO52HI53LO|CPC001_PC3_24H_X2_B3_DUO52HI53LO|CPC001_PC3_24H_X3_F1B3_DUO52HI53LO|CPC001_PC3_24H_X4_F2B4_DUO52HI53LO|CPC001_PC3_24H_X5_B5_DUO52HI53LO,CPC001_PC3_24H_X1_B3_DUO52HI53LO:B22|CPC001_PC3_24H_X2_B3_DUO52HI53LO:B22|CPC001_PC3_24H_X3_F1B3_DUO52HI53LO:B22|CPC001_PC3_24H_X4_F2B4_DUO52HI53LO:B22|CPC001_PC3_24H_X5_B5_DUO52HI53LO:B22,,CPC,olvanil,1,1,0,1,olvanil_10 uM_24 h_PC3,1,olvanil_10 uM_24 h
b4,10,10,uM,10 uM,6 h,6,h,PC3,BRD-K03814443,5,0.34,488,0.411889,0.380435,"""""""""""""""""""""""""""""""""",1.26474,16.9051,0.296406,0.402751,28.6,91.1858,1,1,BRD-K03814443,CPC019_PC3_6H:BRD-K03814443-001-01-9:10,trt_cp,PC3,M02,CPC019_PC3_6H_X1_B4_DUO52HI53LO|CPC019_PC3_6H_X2_B4_DUO52HI53LO|CPC019_PC3_6H_X3_B4_DUO52HI53LO|CPC019_PC3_6H_X4_F1B4_DUO52HI53LO|CPC019_PC3_6H_X5_F1B4_DUO52HI53LO,CPC019_PC3_6H_X1_B4_DUO52HI53LO:M02|CPC019_PC3_6H_X2_B4_DUO52HI53LO:M02|CPC019_PC3_6H_X3_B4_DUO52HI53LO:M02|CPC019_PC3_6H_X4_F1B4_DUO52HI53LO:M02|CPC019_PC3_6H_X5_F1B4_DUO52HI53LO:M02,,CPC,SA-423131,1,1,0,1,SA-423131_10 uM_6 h_PC3,1,SA-423131_10 uM_6 h
b4,10,10,uM,10 uM,6 h,6,h,PC3,BRD-U51951544,4,0.7,609,0.660219,0.412939,"""""""""""""""""""""""""""""""""",1.42434,1.06722,0.617028,0.73556,19.78,79.242,1,1,BRD-U51951544,CPC014_PC3_6H:BRD-U51951544-000-01-8:10,trt_cp,PC3,K09,CPC014_PC3_6H_X1_B4_DUO52HI53LO|CPC014_PC3_6H_X2_B4_DUO52HI53LO|CPC014_PC3_6H_X3_B4_DUO52HI53LO|CPC014_PC3_6H_X4_B5_DUO52HI53LO,CPC014_PC3_6H_X1_B4_DUO52HI53LO:K09|CPC014_PC3_6H_X2_B4_DUO52HI53LO:K09|CPC014_PC3_6H_X3_B4_DUO52HI53LO:K09|CPC014_PC3_6H_X4_B5_DUO52HI53LO:K09,,CPC,ZG-10,1,1,0,1,ZG-10_10 uM_6 h_PC3,1,ZG-10_10 uM_6 h
f2b4,10,10,uM,10 uM,24 h,24,h,PC3,BRD-A86990971,5,0.31,302,0.309396,0.485961,"""""""""""""""""""""""""""""""""",7.20685,14.9951,0.159321,0.393102,19.15,77.5194,0,1,BRD-A86990971,CPC010_PC3_24H:BRD-A86990971-001-04-3:10,trt_cp,PC3,L12,CPC010_PC3_24H_X1_F2B4_DUO52HI53LO|CPC010_PC3_24H_X2_B5_DUO52HI53LO|CPC010_PC3_24H_X3_B5_DUO52HI53LO|CPC010_PC3_24H_X4_F2B4_DUO52HI53LO|CPC010_PC3_24H_X5_B5_DUO52HI53LO,CPC010_PC3_24H_X1_F2B4_DUO52HI53LO:L12|CPC010_PC3_24H_X2_B5_DUO52HI53LO:L12|CPC010_PC3_24H_X3_B5_DUO52HI53LO:L12|CPC010_PC3_24H_X4_F2B4_DUO52HI53LO:L12|CPC010_PC3_24H_X5_B5_DUO52HI53LO:L12,,CPC,KUC103424N,1,1,0,1,KUC103424N_10 uM_24 h_PC3,1,KUC103424N_10 uM_24 h
b3,20,20,uM,20 uM,6 h,6,h,PC3,BRD-K68548958,4,0.6,554,0.58299,0,"""""""""""""""""""""""""""""""""",0,0,0.574787,0.763647,24.57,86.8217,1,1,BRD-K68548958,CPC006_PC3_6H:BRD-K68548958-001-01-2:20,trt_cp,PC3,L24,CPC006_PC3_6H_X1_B3_DUO52HI53LO|CPC006_PC3_6H_X2_B3_DUO52HI53LO|CPC006_PC3_6H_X3_B3_DUO52HI53LO|CPC006_PC3_6H_X4_B4_DUO52HI53LO,CPC006_PC3_6H_X1_B3_DUO52HI53LO:L24|CPC006_PC3_6H_X2_B3_DUO52HI53LO:L24|CPC006_PC3_6H_X3_B3_DUO52HI53LO:L24|CPC006_PC3_6H_X4_B4_DUO52HI53LO:L24,,CPC,C-646,1,1,0,1,C-646_20 uM_6 h_PC3,1,C-646_20 uM_6 h
b4,10,10,uM,10 uM,24 h,24,h,PC3,BRD-K26664453-001-03-4,5,0.5323,341,0.43081,0,"0.19,0.20,0.20,0.23,0.19",0,0.814855,0.462914,0.577857,21.67,82.8883,1,1,BRD-K26664453,CPC006_PC3_24H:G15,trt_cp,PC3,G15,CPC006_PC3_24H_X1_B4_DUO52HI53LO|CPC006_PC3_24H_X2_F1B3_DUO52HI53LO|CPC006_PC3_24H_X3_F1B3_DUO52HI53LO|CPC006_PC3_24H_X4_B4_DUO52HI53LO|CPC006_PC3_24H_X5_B4_DUO52HI53LO,CPC006_PC3_24H_X1_B4_DUO52HI53LO:G15|CPC006_PC3_24H_X2_F1B3_DUO52HI53LO:G15|CPC006_PC3_24H_X3_F1B3_DUO52HI53LO:G15|CPC006_PC3_24H_X4_B4_DUO52HI53LO:G15|CPC006_PC3_24H_X5_B4_DUO52HI53LO:G15,,CPC,BRD-K26664453,1,1,0,1,BRD-K26664453_10 uM_24 h_PC3,1,BRD-K26664453_10 uM_24 h
f2b3,4,5,uM,4 uM,24 h,24,h,PC3,BRD-K85815049,3,0.37,261,0.314233,1.29096,"""""""""""""""""""""""""""""""""",2.88643,8.6672,0.298906,0.476144,32.9,94.2004,1,1,BRD-K85815049,DOS046_PC3_24H:BRD-K85815049-001-01-5:5,trt_cp,PC3,N15,DOS046_PC3_24H_X1_F2B3_DUO52HI53LO|DOS046_PC3_24H_X2_F3B4_DUO52HI53LO|DOS046_PC3_24H_X3_F2B3_DUO52HI53LO,DOS046_PC3_24H_X1_F2B3_DUO52HI53LO:N15|DOS046_PC3_24H_X2_F3B4_DUO52HI53LO:N15|DOS046_PC3_24H_X3_F2B3_DUO52HI53LO:N15,,DOS,BRD-K85815049,1,1,0,1,BRD-K85815049_4 uM_24 h_PC3,1,BRD-K85815049_4 uM_24 h
b12,10,10.4121,uM,10 uM,6 h,6,h,PC3,BRD-K25228014-001-01-5,3,0.5199,292,0.393987,0.157516,"0.34,0.33,0.33",0.817439,1.90442,0.512324,0.578002,9.93,41.6021,1,1,BRD-K25228014,ERG012_PC3_6H:C07,trt_cp,PC3,C07,ERG012_PC3_6H_X1.A2_B12|ERG012_PC3_6H_X2.A2_B7_DUO52HI53LO|ERG012_PC3_6H_X3.A2_B7_DUO52HI53LO,ERG012_PC3_6H_X1.A2_B12:C07|ERG012_PC3_6H_X2.A2_B7_DUO52HI53LO:C07|ERG012_PC3_6H_X3.A2_B7_DUO52HI53LO:C07,,ERG,BRD-K25228014,1,1,0,1,BRD-K25228014_10 uM_6 h_PC3,1,BRD-K25228014_10 uM_6 h
b10,10,10.1105,uM,10 uM,24 h,24,h,PC3,BRD-K06296238,3,0.32,441,0.379861,0.714924,"""""""""""""""""""""""""""""""""",15.9716,11.943,0.181578,0.473918,9.27,38.3864,0,1,BRD-K06296238,ERG014_PC3_24H:BRD-K06296238-001-01-5:10.1105,trt_cp,PC3,D01,ERG014_PC3_24H_X1_B10_DUO52HI53LO|ERG014_PC3_24H_X2_B10_DUO52HI53LO|ERG014_PC3_24H_X3_B10_DUO52HI53LO,ERG014_PC3_24H_X1_B10_DUO52HI53LO:D01|ERG014_PC3_24H_X2_B10_DUO52HI53LO:D01|ERG014_PC3_24H_X3_B10_DUO52HI53LO:D01,,ERG,BRD-K06296238,1,1,0,1,BRD-K06296238_10 uM_24 h_PC3,1,BRD-K06296238_10 uM_24 h
b10,10,10.0796,uM,10 uM,24 h,24,h,PC3,BRD-K86948282,3,0.54,167,0.303659,0.178731,"""""""""""""""""""""""""""""""""",2.42551,4.44237,0.44574,0.517472,9.27,38.3864,1,1,BRD-K86948282,ERG014_PC3_24H:BRD-K86948282-001-01-9:10.0796,trt_cp,PC3,G01,ERG014_PC3_24H_X1_B10_DUO52HI53LO|ERG014_PC3_24H_X2_B10_DUO52HI53LO|ERG014_PC3_24H_X3_B10_DUO52HI53LO,ERG014_PC3_24H_X1_B10_DUO52HI53LO:G01|ERG014_PC3_24H_X2_B10_DUO52HI53LO:G01|ERG014_PC3_24H_X3_B10_DUO52HI53LO:G01,,ERG,BRD-K86948282,1,1,0,1,BRD-K86948282_10 uM_24 h_PC3,1,BRD-K86948282_10 uM_24 h
b10,10,10.0572,uM,10 uM,24 h,24,h,PC3,BRD-K63157607,3,0.44,376,0.411293,2.23414,"""""""""""""""""""""""""""""""""",6.44083,11.9264,0.440263,0.518015,9.27,38.3864,0,1,BRD-K63157607,ERG014_PC3_24H:BRD-K63157607-001-01-2:10.0572,trt_cp,PC3,P18,ERG014_PC3_24H_X1_B10_DUO52HI53LO|ERG014_PC3_24H_X2_B10_DUO52HI53LO|ERG014_PC3_24H_X3_B10_DUO52HI53LO,ERG014_PC3_24H_X1_B10_DUO52HI53LO:P18|ERG014_PC3_24H_X2_B10_DUO52HI53LO:P18|ERG014_PC3_24H_X3_B10_DUO52HI53LO:P18,,ERG,BRD-K63157607,1,1,0,1,BRD-K63157607_10 uM_24 h_PC3,1,BRD-K63157607_10 uM_24 h
b12,10,10.0489,uM,10 uM,6 h,6,h,PC3,BRD-K53923090-001-01-3,3,0.4155,329,0.373864,0.0225023,"0.35,0.34,0.31",0.269542,0,0.359136,0.640791,9.93,41.6021,1,1,BRD-K53923090,ERG012_PC3_6H:A20,trt_cp,PC3,A20,ERG012_PC3_6H_X1.A2_B12|ERG012_PC3_6H_X2.A2_B7_DUO52HI53LO|ERG012_PC3_6H_X3.A2_B7_DUO52HI53LO,ERG012_PC3_6H_X1.A2_B12:A20|ERG012_PC3_6H_X2.A2_B7_DUO52HI53LO:A20|ERG012_PC3_6H_X3.A2_B7_DUO52HI53LO:A20,,ERG,BRD-K53923090,1,1,0,1,BRD-K53923090_10 uM_6 h_PC3,1,BRD-K53923090_10 uM_6 h
b12,10,10.0092,uM,10 uM,6 h,6,h,PC3,BRD-K63261117-001-01-5,3,0.4981,274,0.373563,0.0450045,"0.34,0.32,0.34",0.134771,0,0.446031,0.787789,9.93,41.6021,1,1,BRD-K63261117,ERG012_PC3_6H:H07,trt_cp,PC3,H07,ERG012_PC3_6H_X1.A2_B12|ERG012_PC3_6H_X2.A2_B7_DUO52HI53LO|ERG012_PC3_6H_X3.A2_B7_DUO52HI53LO,ERG012_PC3_6H_X1.A2_B12:H07|ERG012_PC3_6H_X2.A2_B7_DUO52HI53LO:H07|ERG012_PC3_6H_X3.A2_B7_DUO52HI53LO:H07,,ERG,BRD-K63261117,1,1,0,1,BRD-K63261117_10 uM_6 h_PC3,1,BRD-K63261117_10 uM_6 h
b12,10,10.0513,uM,10 uM,6 h,6,h,PC3,BRD-K13175698-001-01-5,3,0.4343,245,0.329844,0.0225023,"0.36,0.37,0.27",2.42588,15.2291,0.300414,0.499191,9.93,41.6021,1,1,BRD-K13175698,ERG012_PC3_6H:D19,trt_cp,PC3,D19,ERG012_PC3_6H_X1.A2_B12|ERG012_PC3_6H_X2.A2_B7_DUO52HI53LO|ERG012_PC3_6H_X3.A2_B7_DUO52HI53LO,ERG012_PC3_6H_X1.A2_B12:D19|ERG012_PC3_6H_X2.A2_B7_DUO52HI53LO:D19|ERG012_PC3_6H_X3.A2_B7_DUO52HI53LO:D19,,ERG,BRD-K13175698,1,1,0,1,BRD-K13175698_10 uM_6 h_PC3,1,BRD-K13175698_10 uM_6 h
b12,1.25,1.25,uM,1.25 uM,6 h,6,h,PC3,BRD-K08663380-001-01-0,3,0.4712,198,0.308863,0.382538,"0.33,0.33,0.33",1.34771,0.808625,0.464831,0.594871,9.93,41.6021,1,1,BRD-K08663380,ERG012_PC3_6H:D08,trt_cp,PC3,D08,ERG012_PC3_6H_X1.A2_B12|ERG012_PC3_6H_X2.A2_B7_DUO52HI53LO|ERG012_PC3_6H_X3.A2_B7_DUO52HI53LO,ERG012_PC3_6H_X1.A2_B12:D08|ERG012_PC3_6H_X2.A2_B7_DUO52HI53LO:D08|ERG012_PC3_6H_X3.A2_B7_DUO52HI53LO:D08,,ERG,BRD-K08663380,1,1,0,1,BRD-K08663380_1.25 uM_6 h_PC3,1,BRD-K08663380_1.25 uM_6 h
b10,10,10.083,uM,10 uM,6 h,6,h,PC3,BRD-K51047687,3,0.46,198,0.30517,0.088968,"""""""""""""""""""""""""""""""""",0.938338,0.134048,0.352221,0.682286,7.4,28.596,1,1,BRD-K51047687,ERG015_PC3_6H:BRD-K51047687-001-01-2:10.083,trt_cp,PC3,K08,ERG015_PC3_6H_X1_B10_DUO52HI53LO|ERG015_PC3_6H_X2_B10_DUO52HI53LO|ERG015_PC3_6H_X3_B10_DUO52HI53LO,ERG015_PC3_6H_X1_B10_DUO52HI53LO:K08|ERG015_PC3_6H_X2_B10_DUO52HI53LO:K08|ERG015_PC3_6H_X3_B10_DUO52HI53LO:K08,,ERG,BRD-K51047687,1,1,0,1,BRD-K51047687_10 uM_6 h_PC3,1,BRD-K51047687_10 uM_6 h
b12,0.3,0.3125,uM,0.3 uM,6 h,6,h,PC3,BRD-K38044934-001-01-8,3,0.4413,242,0.33045,0.360036,"0.33,0.36,0.31",0.539084,4.05488,0.397783,0.544512,9.93,41.6021,1,1,BRD-K38044934,ERG012_PC3_6H:L14,trt_cp,PC3,L14,ERG012_PC3_6H_X1.A2_B12|ERG012_PC3_6H_X2.A2_B7_DUO52HI53LO|ERG012_PC3_6H_X3.A2_B7_DUO52HI53LO,ERG012_PC3_6H_X1.A2_B12:L14|ERG012_PC3_6H_X2.A2_B7_DUO52HI53LO:L14|ERG012_PC3_6H_X3.A2_B7_DUO52HI53LO:L14,,ERG,BRD-K38044934,1,1,0,1,BRD-K38044934_0.3 uM_6 h_PC3,1,BRD-K38044934_0.3 uM_6 h
b20,10,10,uM,10 uM,24 h,24,h,PC3,BRD-K70642949,3,0.6964,344,0.494925,0.066313,"0.35,0.35,0.30",0,0,0.566144,0.746584,6.89,26.3853,1,1,BRD-K70642949,LJP009_PC3_24H:L01,trt_cp,PC3,L01,LJP009_PC3_24H_X1_B20|LJP009_PC3_24H_X2_B20|LJP009_PC3_24H_X3_B20,LJP009_PC3_24H_X1_B20:L01|LJP009_PC3_24H_X2_B20:L01|LJP009_PC3_24H_X3_B20:L01,,LJP,GSK-2334470,1,1,0,1,GSK-2334470_10 uM_24 h_PC3,1,GSK-2334470_10 uM_24 h
b19,10,10,uM,10 uM,24 h,24,h,PC3,BRD-A24396574,3,0.71,683,0.704158,0,"0.33,0.35,0.32",0,0,0.670373,0.70917,9.63,40.1665,1,1,BRD-A24396574,LJP006_PC3_24H:G07,trt_cp,PC3,G07,LJP006_PC3_24H_X1_B19|LJP006_PC3_24H_X2_B19|LJP006_PC3_24H_X3_B19,LJP006_PC3_24H_X1_B19:G07|LJP006_PC3_24H_X2_B19:G07|LJP006_PC3_24H_X3_B19:G07,,LJP,celastrol,1,1,0,1,celastrol_10 uM_24 h_PC3,1,celastrol_10 uM_24 h
b19,0.37,0.37,uM,0.37 uM,24 h,24,h,PC3,BRD-K19220233,3,0.58,181,0.32763,0,"0.33,0.34,0.33",0,0,0.566689,0.702834,9.63,40.1665,1,1,BRD-K19220233,LJP006_PC3_24H:K22,trt_cp,PC3,K22,LJP006_PC3_24H_X1_B19|LJP006_PC3_24H_X2_B19|LJP006_PC3_24H_X3_B19,LJP006_PC3_24H_X1_B19:K22|LJP006_PC3_24H_X2_B19:K22|LJP006_PC3_24H_X3_B19:K22,,LJP,JNK-9L,1,1,0,1,JNK-9L_0.37 uM_24 h_PC3,1,JNK-9L_0.37 uM_24 h
b20,0.04,0.04,uM,0.04 uM,24 h,24,h,PC3,BRD-K78790801,3,0.7119,496,0.600871,3.02829,"0.35,0.34,0.31",6.92697,9.98515,0.625905,0.555124,6.89,26.3853,0,1,BRD-K78790801,LJP009_PC3_24H:L18,trt_cp,PC3,L18,LJP009_PC3_24H_X1_B20|LJP009_PC3_24H_X2_B20|LJP009_PC3_24H_X3_B20,LJP009_PC3_24H_X1_B20:L18|LJP009_PC3_24H_X2_B20:L18|LJP009_PC3_24H_X3_B20:L18,,LJP,KIN001-269,1,1,0,1,KIN001-269_0.04 uM_24 h_PC3,1,KIN001-269_0.04 uM_24 h
b20,10,10,uM,10 uM,24 h,24,h,PC3,BRD-U24835547,3,0.6581,284,0.437155,0.176835,"0.35,0.35,0.30",1.19929,2.12909,0.529369,0.669198,6.89,26.3853,1,1,BRD-U24835547,LJP009_PC3_24H:F01,trt_cp,PC3,F01,LJP009_PC3_24H_X1_B20|LJP009_PC3_24H_X2_B20|LJP009_PC3_24H_X3_B20,LJP009_PC3_24H_X1_B20:F01|LJP009_PC3_24H_X2_B20:F01|LJP009_PC3_24H_X3_B20:F01,,LJP,GSK-1059615,1,1,0,1,GSK-1059615_10 uM_24 h_PC3,1,GSK-1059615_10 uM_24 h
b20,3.33,3.33,uM,3.33 uM,24 h,24,h,PC3,BRD-K05870596,3,0.6695,322,0.469498,0.15473,"0.33,0.34,0.33",0,0.265252,0.66916,0.649703,6.89,26.3853,1,1,BRD-K05870596,LJP009_PC3_24H:A08,trt_cp,PC3,A08,LJP009_PC3_24H_X1_B20|LJP009_PC3_24H_X2_B20|LJP009_PC3_24H_X3_B20,LJP009_PC3_24H_X1_B20:A08|LJP009_PC3_24H_X2_B20:A08|LJP009_PC3_24H_X3_B20:A08,,LJP,XMD-1499,1,1,0,1,XMD-1499_3.33 uM_24 h_PC3,1,XMD-1499_3.33 uM_24 h
b19,3.33,3.33,uM,3.33 uM,24 h,24,h,PC3,BRD-K88573743,3,0.8,699,0.756161,0,"0.34,0.34,0.32",0,0,0.760161,0.804172,9.63,40.1665,1,1,BRD-K88573743,LJP006_PC3_24H:I20,trt_cp,PC3,I20,LJP006_PC3_24H_X1_B19|LJP006_PC3_24H_X2_B19|LJP006_PC3_24H_X3_B19,LJP006_PC3_24H_X1_B19:I20|LJP006_PC3_24H_X2_B19:I20|LJP006_PC3_24H_X3_B19:I20,,LJP,A-443654,1,1,0,1,A-443654_3.33 uM_24 h_PC3,1,A-443654_3.33 uM_24 h
b20,3.33,3.33,uM,3.33 uM,24 h,24,h,PC3,BRD-K70511574,3,0.7791,418,0.577052,0.0221043,"0.33,0.34,0.33",0,0,0.776331,0.802356,6.89,26.3853,1,1,BRD-K70511574,LJP009_PC3_24H:K02,trt_cp,PC3,K02,LJP009_PC3_24H_X1_B20|LJP009_PC3_24H_X2_B20|LJP009_PC3_24H_X3_B20,LJP009_PC3_24H_X1_B20:K02|LJP009_PC3_24H_X2_B20:K02|LJP009_PC3_24H_X3_B20:K02,,LJP,HMN-214,1,1,0,1,HMN-214_3.33 uM_24 h_PC3,1,HMN-214_3.33 uM_24 h
b20,1.11,1.11,uM,1.11 uM,24 h,24,h,PC3,BRD-U07805514,3,0.6065,182,0.335955,0,"0.34,0.32,0.34",0,0,0.544143,0.665084,6.89,26.3853,1,1,BRD-U07805514,LJP009_PC3_24H:B15,trt_cp,PC3,B15,LJP009_PC3_24H_X1_B20|LJP009_PC3_24H_X2_B20|LJP009_PC3_24H_X3_B20,LJP009_PC3_24H_X1_B20:B15|LJP009_PC3_24H_X2_B20:B15|LJP009_PC3_24H_X3_B20:B15,,LJP,saracatinib,1,1,0,1,saracatinib_1.11 uM_24 h_PC3,1,saracatinib_1.11 uM_24 h
b20,0.37,0.37,uM,0.37 uM,24 h,24,h,PC3,BRD-K19477839,3,0.7313,456,0.58393,0.110522,"0.34,0.33,0.33",0.399293,3.85818,0.724127,0.649039,6.89,26.3853,1,1,BRD-K19477839,LJP009_PC3_24H:M16,trt_cp,PC3,M16,LJP009_PC3_24H_X1_B20|LJP009_PC3_24H_X2_B20|LJP009_PC3_24H_X3_B20,LJP009_PC3_24H_X1_B20:M16|LJP009_PC3_24H_X2_B20:M16|LJP009_PC3_24H_X3_B20:M16,,LJP,SGX-523,1,1,0,1,SGX-523_0.37 uM_24 h_PC3,1,SGX-523_0.37 uM_24 h
b23,0.04,0.0411523,uM,0.04 uM,24 h,24,h,PC3,BRD-A61767428,3,0.3274,323,0.32883,1.08889,"0.30,0.34,0.36",3.06729,2.40092,0.277391,0.525973,22.17,83.5774,1,1,BRD-A61767428,REP.A017_PC3_24H:O24,trt_cp,PC3,O24,REP.A017_PC3_24H_X1_B23|REP.A017_PC3_24H_X2_B23|REP.A017_PC3_24H_X3_B23,REP.A017_PC3_24H_X1_B23:O24|REP.A017_PC3_24H_X2_B23:O24|REP.A017_PC3_24H_X3_B23:O24,,REP,ursolic-acid,1,1,0,1,ursolic-acid_0.04 uM_24 h_PC3,1,ursolic-acid_0.04 uM_24 h
b22,2.22,2.30769,uM,2.22 uM,24 h,24,h,PC3,BRD-K17944737,3,0.6653,432,0.542102,0,"0.33,0.35,0.32",0,0,0.630321,0.841536,10.35,44.0712,1,1,BRD-K17944737,REP.B002_PC3_24H:M13,trt_cp,PC3,M13,REP.B002_PC3_24H_X1_B22|REP.B002_PC3_24H_X2_B22|REP.B002_PC3_24H_X3_B22,REP.B002_PC3_24H_X1_B22:M13|REP.B002_PC3_24H_X2_B22:M13|REP.B002_PC3_24H_X3_B22:M13,,REP,artesunate,1,1,0,1,artesunate_2.22 uM_24 h_PC3,1,artesunate_2.22 uM_24 h
b22,2.22,2.30769,uM,2.22 uM,24 h,24,h,PC3,BRD-K33379087,3,0.5481,422,0.486314,0.0666075,"0.38,0.34,0.29",0,0,0.450944,0.759618,10.39,44.387,1,1,BRD-K33379087,REP.B003_PC3_24H:H13,trt_cp,PC3,H13,REP.B003_PC3_24H_X1_B22|REP.B003_PC3_24H_X2_B22|REP.B003_PC3_24H_X3_B22,REP.B003_PC3_24H_X1_B22:H13|REP.B003_PC3_24H_X2_B22:H13|REP.B003_PC3_24H_X3_B22:H13,,REP,tivantinib,1,1,0,1,tivantinib_2.22 uM_24 h_PC3,1,tivantinib_2.22 uM_24 h
b23,1.11,1.11111,uM,1.11 uM,24 h,24,h,PC3,BRD-K52618540,3,0.6927,503,0.59688,0.0900901,"0.34,0.32,0.34",0.134409,0.13369,0.625993,0.771981,17.54,73.3563,1,1,BRD-K52618540,REP.A016_PC3_24H:P03,trt_cp,PC3,P03,REP.A016_PC3_24H_X1_B23|REP.A016_PC3_24H_X2_B23|REP.A016_PC3_24H_X3_B23,REP.A016_PC3_24H_X1_B23:P03|REP.A016_PC3_24H_X2_B23:P03|REP.A016_PC3_24H_X3_B23:P03,,REP,inositol,1,1,0,1,inositol_1.11 uM_24 h_PC3,1,inositol_1.11 uM_24 h
b23,10,10,uM,10 uM,24 h,24,h,PC3,BRD-K57222227,3,0.427,208,0.301353,0.022748,"0.30,0.36,0.34",0.138889,0.271455,0.362709,0.602142,13.45,59.288,1,1,BRD-K57222227,REP.A014_PC3_24H:D07,trt_cp,PC3,D07,REP.A014_PC3_24H_X1_B23|REP.A014_PC3_24H_X2_B23|REP.A014_PC3_24H_X3_B23,REP.A014_PC3_24H_X1_B23:D07|REP.A014_PC3_24H_X2_B23:D07|REP.A014_PC3_24H_X3_B23:D07,,REP,indometacin,1,1,0,1,indometacin_10 uM_24 h_PC3,1,indometacin_10 uM_24 h
b23,10,10,uM,10 uM,24 h,24,h,PC3,BRD-A63236097,3,0.4056,287,0.345001,0.422222,"0.39,0.38,0.23",3.90087,0,0.214255,0.711949,22.17,83.5774,1,1,BRD-A63236097,REP.A017_PC3_24H:N19,trt_cp,PC3,N19,REP.A017_PC3_24H_X1_B23|REP.A017_PC3_24H_X2_B23|REP.A017_PC3_24H_X3_B23,REP.A017_PC3_24H_X1_B23:N19|REP.A017_PC3_24H_X2_B23:N19|REP.A017_PC3_24H_X3_B23:N19,,REP,BRD-A63236097,1,1,0,1,BRD-A63236097_10 uM_24 h_PC3,1,BRD-A63236097_10 uM_24 h
b23,0.125,0.123457,uM,0.125 uM,24 h,24,h,PC3,BRD-K74305673,3,0.5127,255,0.365622,0,"0.34,0.33,0.34",0,0,0.492458,0.708949,13.27,58.5702,1,1,BRD-K74305673,REP.A024_PC3_24H:C17,trt_cp,PC3,C17,REP.A024_PC3_24H_X1_B23|REP.A024_PC3_24H_X2_B23|REP.A024_PC3_24H_X3_B23,REP.A024_PC3_24H_X1_B23:C17|REP.A024_PC3_24H_X2_B23:C17|REP.A024_PC3_24H_X3_B23:C17,,REP,BRD-K74305673,1,1,0,1,BRD-K74305673_0.125 uM_24 h_PC3,1,BRD-K74305673_0.125 uM_24 h
b23,0.04,0.0411523,uM,0.04 uM,24 h,24,h,PC3,BRD-K45152786,3,0.4165,243,0.321693,0.246195,"0.36,0.24,0.40",1.06667,8.13333,0.245698,0.428957,10.41,44.4444,1,1,BRD-K45152786,REP.A020_PC3_24H:I24,trt_cp,PC3,I24,REP.A020_PC3_24H_X1_B23|REP.A020_PC3_24H_X2_B23|REP.A020_PC3_24H_X3_B23,REP.A020_PC3_24H_X1_B23:I24|REP.A020_PC3_24H_X2_B23:I24|REP.A020_PC3_24H_X3_B23:I24,,REP,merbarone,1,1,0,1,merbarone_0.04 uM_24 h_PC3,1,merbarone_0.04 uM_24 h
b23,10,10,uM,10 uM,24 h,24,h,PC3,BRD-K78692225,3,0.491,300,0.38809,0,"0.33,0.33,0.34",0,0,0.479257,0.697547,13.27,58.5702,1,1,BRD-K78692225,REP.A024_PC3_24H:M19,trt_cp,PC3,M19,REP.A024_PC3_24H_X1_B23|REP.A024_PC3_24H_X2_B23|REP.A024_PC3_24H_X3_B23,REP.A024_PC3_24H_X1_B23:M19|REP.A024_PC3_24H_X2_B23:M19|REP.A024_PC3_24H_X3_B23:M19,,REP,leflunomide,1,1,0,1,leflunomide_10 uM_24 h_PC3,1,leflunomide_10 uM_24 h
b22,0.125,0.123457,uM,0.125 uM,24 h,24,h,PC3,BRD-K23499943,3,0.5623,320,0.428933,0,"0.33,0.33,0.33",0,0,0.555396,0.786042,9.88,41.3437,1,1,BRD-K23499943,REP.A003_PC3_24H:A23,trt_cp,PC3,A23,REP.A003_PC3_24H_X1_B22|REP.A003_PC3_24H_X2_B22|REP.A003_PC3_24H_X3_B22,REP.A003_PC3_24H_X1_B22:A23|REP.A003_PC3_24H_X2_B22:A23|REP.A003_PC3_24H_X3_B22:A23,,REP,alvespimycin,1,1,0,1,alvespimycin_0.125 uM_24 h_PC3,1,alvespimycin_0.125 uM_24 h
b22,10,10,uM,10 uM,24 h,24,h,PC3,BRD-K30331124,3,0.4877,435,0.465749,0.0224417,"0.33,0.36,0.31",0.131926,0,0.448712,0.688632,15.2,65.5757,1,1,BRD-K30331124,REP.A001_PC3_24H:P07,trt_cp,PC3,P07,REP.A001_PC3_24H_X1_B22|REP.A001_PC3_24H_X2_B22|REP.A001_PC3_24H_X3_B22,REP.A001_PC3_24H_X1_B22:P07|REP.A001_PC3_24H_X2_B22:P07|REP.A001_PC3_24H_X3_B22:P07,,REP,ASC-J9,1,1,0,1,ASC-J9_10 uM_24 h_PC3,1,ASC-J9_10 uM_24 h
b22,3.33,3.33333,uM,3.33 uM,24 h,24,h,PC3,BRD-K28731095,3,0.5639,288,0.4075,0.0897666,"0.36,0.32,0.33",0,0.271739,0.5336,0.755294,15.2,65.5757,1,1,BRD-K28731095,REP.A001_PC3_24H:I14,trt_cp,PC3,I14,REP.A001_PC3_24H_X1_B22|REP.A001_PC3_24H_X2_B22|REP.A001_PC3_24H_X3_B22,REP.A001_PC3_24H_X1_B22:I14|REP.A001_PC3_24H_X2_B22:I14|REP.A001_PC3_24H_X3_B22:I14,,REP,calcitriol,1,1,0,1,calcitriol_3.33 uM_24 h_PC3,1,calcitriol_3.33 uM_24 h
b22,2.22,2.30769,uM,2.22 uM,24 h,24,h,PC3,BRD-A31521121,3,0.4375,282,0.355176,0.26643,"0.37,0.29,0.34",0.935909,1.19363,0.363008,0.555705,10.39,44.387,1,1,BRD-A31521121,REP.B003_PC3_24H:C01,trt_cp,PC3,C01,REP.B003_PC3_24H_X1_B22|REP.B003_PC3_24H_X2_B22|REP.B003_PC3_24H_X3_B22,REP.B003_PC3_24H_X1_B22:C01|REP.B003_PC3_24H_X2_B22:C01|REP.B003_PC3_24H_X3_B22:C01,,REP,methocarbamol,1,1,0,1,methocarbamol_2.22 uM_24 h_PC3,1,methocarbamol_2.22 uM_24 h
b23,0.37,0.37037,uM,0.37 uM,24 h,24,h,PC3,BRD-K86797399,3,0.6478,378,0.500377,0.0221043,"0.34,0.32,0.34",0,0,0.610655,0.77623,13.08,57.7089,1,1,BRD-K86797399,REP.A021_PC3_24H:O16,trt_cp,PC3,O16,REP.A021_PC3_24H_X1_B23|REP.A021_PC3_24H_X2_B23|REP.A021_PC3_24H_X3_B23,REP.A021_PC3_24H_X1_B23:O16|REP.A021_PC3_24H_X2_B23:O16|REP.A021_PC3_24H_X3_B23:O16,,REP,SB-939,1,1,0,1,SB-939_0.37 uM_24 h_PC3,1,SB-939_0.37 uM_24 h
b23,0.04,0.0411523,uM,0.04 uM,24 h,24,h,PC3,BRD-A45153512,3,0.4462,260,0.344415,0.962399,"0.48,0.15,0.37",4.9516,9.6,0.195872,0.410787,10.41,44.4444,1,1,BRD-A45153512,REP.A020_PC3_24H:J24,trt_cp,PC3,J24,REP.A020_PC3_24H_X1_B23|REP.A020_PC3_24H_X2_B23|REP.A020_PC3_24H_X3_B23,REP.A020_PC3_24H_X1_B23:J24|REP.A020_PC3_24H_X2_B23:J24|REP.A020_PC3_24H_X3_B23:J24,,REP,bimatoprost,1,1,0,1,bimatoprost_0.04 uM_24 h_PC3,1,bimatoprost_0.04 uM_24 h
b23,10,10,uM,10 uM,24 h,24,h,PC3,BRD-K76775527,3,0.5359,346,0.435422,0.0222816,"0.34,0.33,0.33",0,0.533437,0.523493,0.623373,13.27,58.5702,1,1,BRD-K76775527,REP.A024_PC3_24H:J01,trt_cp,PC3,J01,REP.A024_PC3_24H_X1_B23|REP.A024_PC3_24H_X2_B23|REP.A024_PC3_24H_X3_B23,REP.A024_PC3_24H_X1_B23:J01|REP.A024_PC3_24H_X2_B23:J01|REP.A024_PC3_24H_X3_B23:J01,,REP,nimesulide,1,1,0,1,nimesulide_10 uM_24 h_PC3,1,nimesulide_10 uM_24 h
b22,2.22,2.30769,uM,2.22 uM,24 h,24,h,PC3,BRD-K17203476,3,0.5187,281,0.386048,0,"0.33,0.36,0.31",0,0.282486,0.471403,0.57338,10.35,44.0712,1,1,BRD-K17203476,REP.B002_PC3_24H:J07,trt_cp,PC3,J07,REP.B002_PC3_24H_X1_B22|REP.B002_PC3_24H_X2_B22|REP.B002_PC3_24H_X3_B22,REP.B002_PC3_24H_X1_B22:J07|REP.B002_PC3_24H_X2_B22:J07|REP.B002_PC3_24H_X3_B22:J07,,REP,LY-2874455,1,1,0,1,LY-2874455_2.22 uM_24 h_PC3,1,LY-2874455_2.22 uM_24 h
b22,3.33,3.33333,uM,3.33 uM,24 h,24,h,PC3,BRD-K35719256,3,0.3593,283,0.322443,2.23254,"0.30,0.32,0.38",6.36255,6.65148,0.323915,0.513284,9.88,41.3437,0,1,BRD-K35719256,REP.A003_PC3_24H:M20,trt_cp,PC3,M20,REP.A003_PC3_24H_X1_B22|REP.A003_PC3_24H_X2_B22|REP.A003_PC3_24H_X3_B22,REP.A003_PC3_24H_X1_B22:M20|REP.A003_PC3_24H_X2_B22:M20|REP.A003_PC3_24H_X3_B22:M20,,REP,rotundine,1,1,0,1,rotundine_3.33 uM_24 h_PC3,1,rotundine_3.33 uM_24 h
b22,10,10,uM,10 uM,24 h,24,h,PC3,BRD-K21718444,3,0.4894,317,0.398283,0,"0.33,0.34,0.33",0,0.273973,0.476484,0.662821,13.41,59.2018,1,1,BRD-K21718444,REP.A004_PC3_24H:K19,trt_cp,PC3,K19,REP.A004_PC3_24H_X1_B22|REP.A004_PC3_24H_X2_B22|REP.A004_PC3_24H_X3_B22,REP.A004_PC3_24H_X1_B22:K19|REP.A004_PC3_24H_X2_B22:K19|REP.A004_PC3_24H_X3_B22:K19,,REP,KW-2449,1,1,0,1,KW-2449_10 uM_24 h_PC3,1,KW-2449_10 uM_24 h
b22,10,10,uM,10 uM,24 h,24,h,PC3,BRD-A16665823,3,0.3601,260,0.309406,0.513393,"0.33,0.35,0.31",0.80575,0.936559,0.326067,0.680229,12.2,52.8567,1,1,BRD-A16665823,REP.A002_PC3_24H:E19,trt_cp,PC3,E19,REP.A002_PC3_24H_X1_B22|REP.A002_PC3_24H_X2_B22|REP.A002_PC3_24H_X3_B22,REP.A002_PC3_24H_X1_B22:E19|REP.A002_PC3_24H_X2_B22:E19|REP.A002_PC3_24H_X3_B22:E19,,REP,butoconazole,1,1,0,1,butoconazole_10 uM_24 h_PC3,1,butoconazole_10 uM_24 h
b34,10,9.99989,uM,10 uM,24 h,24,h,PC3,BRD-K72264770,3,0.73,456,0.583411,0,"0.33,0.34,0.33",0,0,0.726751,0.849005,24.6,86.9365,1,1,BRD-K72264770,MOAR004_PC3_24H:H16,trt_cp,PC3,H16,MOAR004_PC3_24H_X1_B34|MOAR004_PC3_24H_X2_B34|MOAR004_PC3_24H_X3_B34,MOAR004_PC3_24H_X1_B34:H16|MOAR004_PC3_24H_X2_B34:H16|MOAR004_PC3_24H_X3_B34:H16,,MOAR,QW-BI-011,1,1,0,1,QW-BI-011_10 uM_24 h_PC3,1,QW-BI-011_10 uM_24 h
b34,10,10,uM,10 uM,24 h,24,h,PC3,BRD-A40802033,3,0.78,553,0.664111,0,"0.34,0.32,0.34",0,0,0.738929,0.878293,25.84,88.6592,1,1,BRD-A40802033,MOAR006_PC3_24H:O16,trt_cp,PC3,O16,MOAR006_PC3_24H_X1_B34|MOAR006_PC3_24H_X2_B34|MOAR006_PC3_24H_X3_B34,MOAR006_PC3_24H_X1_B34:O16|MOAR006_PC3_24H_X2_B34:O16|MOAR006_PC3_24H_X3_B34:O16,,MOAR,BRD-A40802033,1,1,0,1,BRD-A40802033_10 uM_24 h_PC3,1,BRD-A40802033_10 uM_24 h
b33,1.11,1.11111,uM,1.11 uM,24 h,24,h,PC3,BRD-K19034817,3,0.64,360,0.485369,0,"0.33,0.35,0.32",0,0,0.592159,0.759621,16.67,70.5714,1,1,BRD-K19034817,MOAR002_PC3_24H:O24,trt_cp,PC3,O24,MOAR002_PC3_24H_X1.A2_B33|MOAR002_PC3_24H_X2_B33|MOAR002_PC3_24H_X3_B33,MOAR002_PC3_24H_X1.A2_B33:O24|MOAR002_PC3_24H_X2_B33:O24|MOAR002_PC3_24H_X3_B33:O24,,MOAR,pacritinib,1,1,0,1,pacritinib_1.11 uM_24 h_PC3,1,pacritinib_1.11 uM_24 h
b33,1.11,1.11111,uM,1.11 uM,24 h,24,h,PC3,BRD-K66615216,3,0.42,345,0.384915,0,"0.26,0.42,0.32",0.806452,11.4035,0.338475,0.405822,22.52,83.9506,1,1,BRD-K66615216,MOAR001_PC3_24H:J03,trt_cp,PC3,J03,MOAR001_PC3_24H_X1.A2_B33|MOAR001_PC3_24H_X2.A2_B3|MOAR001_PC3_24H_X3_B33,MOAR001_PC3_24H_X1.A2_B33:J03|MOAR001_PC3_24H_X2.A2_B3:J03|MOAR001_PC3_24H_X3_B33:J03,,MOAR,moxifloxacin,1,1,0,1,moxifloxacin_1.11 uM_24 h_PC3,1,moxifloxacin_1.11 uM_24 h
b33,1.11,1.11111,uM,1.11 uM,24 h,24,h,PC3,BRD-K96319534,3,0.52,373,0.445335,0.199822,"0.41,0.41,0.18",0.802139,7.60677,0.174513,0.39847,16.67,70.5714,1,1,BRD-K96319534,MOAR002_PC3_24H:I15,trt_cp,PC3,I15,MOAR002_PC3_24H_X1.A2_B33|MOAR002_PC3_24H_X2_B33|MOAR002_PC3_24H_X3_B33,MOAR002_PC3_24H_X1.A2_B33:I15|MOAR002_PC3_24H_X2_B33:I15|MOAR002_PC3_24H_X3_B33:I15,,MOAR,phentermine,1,1,0,1,phentermine_1.11 uM_24 h_PC3,1,phentermine_1.11 uM_24 h
b33,10,10,uM,10 uM,24 h,24,h,PC3,BRD-K01995783,3,0.59,327,0.444151,0,"0.33,0.35,0.32",0,0,0.556259,0.784982,22.52,83.9506,1,1,BRD-K01995783,MOAR001_PC3_24H:I22,trt_cp,PC3,I22,MOAR001_PC3_24H_X1.A2_B33|MOAR001_PC3_24H_X2.A2_B3|MOAR001_PC3_24H_X3_B33,MOAR001_PC3_24H_X1.A2_B33:I22|MOAR001_PC3_24H_X2.A2_B3:I22|MOAR001_PC3_24H_X3_B33:I22,,MOAR,AMG-9810,1,1,0,1,AMG-9810_10 uM_24 h_PC3,1,AMG-9810_10 uM_24 h
b34,10,10,uM,10 uM,24 h,24,h,PC3,BRD-K73489793,3,0.67,391,0.517555,0,"0.34,0.33,0.34",0,0,0.648018,0.872461,24.6,86.9365,1,1,BRD-K73489793,MOAR004_PC3_24H:F07,trt_cp,PC3,F07,MOAR004_PC3_24H_X1_B34|MOAR004_PC3_24H_X2_B34|MOAR004_PC3_24H_X3_B34,MOAR004_PC3_24H_X1_B34:F07|MOAR004_PC3_24H_X2_B34:F07|MOAR004_PC3_24H_X3_B34:F07,,MOAR,AZ-6102,1,1,0,1,AZ-6102_10 uM_24 h_PC3,1,AZ-6102_10 uM_24 h
b33,1.11,1.14681,uM,1.11 uM,24 h,24,h,PC3,BRD-K76180386,3,0.81,632,0.723488,0,"0.35,0.34,0.31",0,0.134048,0.688241,0.822942,22.52,83.9506,1,1,BRD-K76180386,MOAR001_PC3_24H:D09,trt_cp,PC3,D09,MOAR001_PC3_24H_X1.A2_B33|MOAR001_PC3_24H_X2.A2_B3|MOAR001_PC3_24H_X3_B33,MOAR001_PC3_24H_X1.A2_B33:D09|MOAR001_PC3_24H_X2.A2_B3:D09|MOAR001_PC3_24H_X3_B33:D09,,MOAR,JIB04,1,1,0,1,JIB04_1.11 uM_24 h_PC3,1,JIB04_1.11 uM_24 h
b33,3.33,3.34966,uM,3.33 uM,24 h,24,h,PC3,BRD-K66296774,3,0.78,490,0.625138,0.0223015,"0.34,0.33,0.33",0,0.134409,0.754988,0.846313,22.52,83.9506,1,1,BRD-K66296774,MOAR001_PC3_24H:G05,trt_cp,PC3,G05,MOAR001_PC3_24H_X1.A2_B33|MOAR001_PC3_24H_X2.A2_B3|MOAR001_PC3_24H_X3_B33,MOAR001_PC3_24H_X1.A2_B33:G05|MOAR001_PC3_24H_X2.A2_B3:G05|MOAR001_PC3_24H_X3_B33:G05,,MOAR,fluvastatin,1,1,0,1,fluvastatin_3.33 uM_24 h_PC3,1,fluvastatin_3.33 uM_24 h
b33,3.33,3.33333,uM,3.33 uM,24 h,24,h,PC3,BRD-K24187789,3,0.72,429,0.561986,0.0892061,"0.34,0.34,0.32",0.134409,0,0.670226,0.839959,22.52,83.9506,1,1,BRD-K24187789,MOAR001_PC3_24H:D23,trt_cp,PC3,D23,MOAR001_PC3_24H_X1.A2_B33|MOAR001_PC3_24H_X2.A2_B3|MOAR001_PC3_24H_X3_B33,MOAR001_PC3_24H_X1.A2_B33:D23|MOAR001_PC3_24H_X2.A2_B3:D23|MOAR001_PC3_24H_X3_B33:D23,,MOAR,VU-0238429,1,1,0,1,VU-0238429_3.33 uM_24 h_PC3,1,VU-0238429_3.33 uM_24 h
b34,3.33,3.33333,uM,3.33 uM,24 h,24,h,PC3,BRD-K81197548,3,0.56,340,0.441229,0,"0.35,0.32,0.33",0,0,0.550556,0.752744,25.84,88.6592,1,1,BRD-K81197548,MOAR006_PC3_24H:I08,trt_cp,PC3,I08,MOAR006_PC3_24H_X1_B34|MOAR006_PC3_24H_X2_B34|MOAR006_PC3_24H_X3_B34,MOAR006_PC3_24H_X1_B34:I08|MOAR006_PC3_24H_X2_B34:I08|MOAR006_PC3_24H_X3_B34:I08,,MOAR,NSC-632839,1,1,0,1,NSC-632839_3.33 uM_24 h_PC3,1,NSC-632839_3.33 uM_24 h
b33,10,10,uM,10 uM,24 h,24,h,PC3,BRD-K00317371,3,0.63,377,0.492801,0,"0.37,0.31,0.32",0,0,0.602103,0.789879,16.67,70.5714,1,1,BRD-K00317371,MOAR002_PC3_24H:I01,trt_cp,PC3,I01,MOAR002_PC3_24H_X1.A2_B33|MOAR002_PC3_24H_X2_B33|MOAR002_PC3_24H_X3_B33,MOAR002_PC3_24H_X1.A2_B33:I01|MOAR002_PC3_24H_X2_B33:I01|MOAR002_PC3_24H_X3_B33:I01,,MOAR,RITA,1,1,0,1,RITA_10 uM_24 h_PC3,1,RITA_10 uM_24 h
b34,10,10,uM,10 uM,24 h,24,h,PC3,BRD-K36363294,3,0.78,565,0.671278,0.0220653,"0.34,0.33,0.33",0,0.132626,0.774789,0.885501,25.84,88.6592,1,1,BRD-K36363294,MOAR006_PC3_24H:M10,trt_cp,PC3,M10,MOAR006_PC3_24H_X1_B34|MOAR006_PC3_24H_X2_B34|MOAR006_PC3_24H_X3_B34,MOAR006_PC3_24H_X1_B34:M10|MOAR006_PC3_24H_X2_B34:M10|MOAR006_PC3_24H_X3_B34:M10,,MOAR,I-BET-151,1,1,0,1,I-BET-151_10 uM_24 h_PC3,1,I-BET-151_10 uM_24 h
b34,3.33,3.30673,uM,3.33 uM,24 h,24,h,PC3,BRD-K18163608,3,0.48,266,0.36132,0,"0.34,0.32,0.34",0,0,0.436312,0.711617,25.84,88.6592,1,1,BRD-K18163608,MOAR006_PC3_24H:H08,trt_cp,PC3,H08,MOAR006_PC3_24H_X1_B34|MOAR006_PC3_24H_X2_B34|MOAR006_PC3_24H_X3_B34,MOAR006_PC3_24H_X1_B34:H08|MOAR006_PC3_24H_X2_B34:H08|MOAR006_PC3_24H_X3_B34:H08,,MOAR,HA-14-1,1,1,0,1,HA-14-1_3.33 uM_24 h_PC3,1,HA-14-1_3.33 uM_24 h
b34,3.33,3.33333,uM,3.33 uM,24 h,24,h,PC3,BRD-K24821794,3,0.46,300,0.375639,0.0220848,"0.35,0.31,0.34",0.133333,0.132626,0.386312,0.683765,24.6,86.9365,1,1,BRD-K24821794,MOAR004_PC3_24H:A20,trt_cp,PC3,A20,MOAR004_PC3_24H_X1_B34|MOAR004_PC3_24H_X2_B34|MOAR004_PC3_24H_X3_B34,MOAR004_PC3_24H_X1_B34:A20|MOAR004_PC3_24H_X2_B34:A20|MOAR004_PC3_24H_X3_B34:A20,,MOAR,SGC-CBP30,1,1,0,1,SGC-CBP30_3.33 uM_24 h_PC3,1,SGC-CBP30_3.33 uM_24 h
b34,10,10,uM,10 uM,24 h,24,h,PC3,BRD-A10934835,3,0.81,542,0.669997,0,"0.33,0.33,0.33",0,0.133333,0.800984,0.904191,13.68,60.0919,1,1,BRD-A10934835,MOAR005_PC3_24H:N04,trt_cp,PC3,N04,MOAR005_PC3_24H_X1_B34|MOAR005_PC3_24H_X2_B34|MOAR005_PC3_24H_X3_B34,MOAR005_PC3_24H_X1_B34:N04|MOAR005_PC3_24H_X2_B34:N04|MOAR005_PC3_24H_X3_B34:N04,,MOAR,BRD-A10934835,1,1,0,1,BRD-A10934835_10 uM_24 h_PC3,1,BRD-A10934835_10 uM_24 h
b33,10,9.40814,uM,10 uM,24 h,24,h,PC3,BRD-K63457253,3,0.5,353,0.424818,0.0222025,"0.34,0.31,0.35",0.133333,0,0.42657,0.694508,16.67,70.5714,1,1,BRD-K63457253,MOAR002_PC3_24H:G01,trt_cp,PC3,G01,MOAR002_PC3_24H_X1.A2_B33|MOAR002_PC3_24H_X2_B33|MOAR002_PC3_24H_X3_B33,MOAR002_PC3_24H_X1.A2_B33:G01|MOAR002_PC3_24H_X2_B33:G01|MOAR002_PC3_24H_X3_B33:G01,,MOAR,EPZ-5676,1,1,0,1,EPZ-5676_10 uM_24 h_PC3,1,EPZ-5676_10 uM_24 h
b33,10,9.98727,uM,10 uM,24 h,24,h,PC3,BRD-K59831625,3,0.87,792,0.839369,0,"0.33,0.34,0.33",0,0,0.858474,0.857948,16.67,70.5714,1,1,BRD-K59831625,MOAR002_PC3_24H:P13,trt_cp,PC3,P13,MOAR002_PC3_24H_X1.A2_B33|MOAR002_PC3_24H_X2_B33|MOAR002_PC3_24H_X3_B33,MOAR002_PC3_24H_X1.A2_B33:P13|MOAR002_PC3_24H_X2_B33:P13|MOAR002_PC3_24H_X3_B33:P13,,MOAR,LDN-212854,1,1,0,1,LDN-212854_10 uM_24 h_PC3,1,LDN-212854_10 uM_24 h
b34,10,9.31171,uM,10 uM,24 h,24,h,PC3,BRD-K25723200,3,0.55,384,0.464705,0,"0.36,0.30,0.34",0,0,0.450748,0.680753,23.96,85.9604,1,1,BRD-K25723200,MOAR007_PC3_24H:E22,trt_cp,PC3,E22,MOAR007_PC3_24H_X1_B34|MOAR007_PC3_24H_X2_B34|MOAR007_PC3_24H_X3_B34,MOAR007_PC3_24H_X1_B34:E22|MOAR007_PC3_24H_X2_B34:E22|MOAR007_PC3_24H_X3_B34:E22,,MOAR,azilsartan-medoxomil,1,1,0,1,azilsartan-medoxomil_10 uM_24 h_PC3,1,azilsartan-medoxomil_10 uM_24 h
b34,10,10,uM,10 uM,24 h,24,h,PC3,BRD-K31519811,3,0.46,228,0.327474,0.0441696,"0.30,0.36,0.35",0.133333,0,0.377452,0.76844,24.6,86.9365,1,1,BRD-K31519811,MOAR004_PC3_24H:E22,trt_cp,PC3,E22,MOAR004_PC3_24H_X1_B34|MOAR004_PC3_24H_X2_B34|MOAR004_PC3_24H_X3_B34,MOAR004_PC3_24H_X1_B34:E22|MOAR004_PC3_24H_X2_B34:E22|MOAR004_PC3_24H_X3_B34:E22,,MOAR,PF-02545920,1,1,0,1,PF-02545920_10 uM_24 h_PC3,1,PF-02545920_10 uM_24 h
b34,10,10,uM,10 uM,24 h,24,h,PC3,BRD-K83607951,3,0.46,231,0.329621,0,"0.34,0.32,0.34",0,0,0.437949,0.683581,13.68,60.0919,1,1,BRD-K83607951,MOAR005_PC3_24H:B22,trt_cp,PC3,B22,MOAR005_PC3_24H_X1_B34|MOAR005_PC3_24H_X2_B34|MOAR005_PC3_24H_X3_B34,MOAR005_PC3_24H_X1_B34:B22|MOAR005_PC3_24H_X2_B34:B22|MOAR005_PC3_24H_X3_B34:B22,,MOAR,skepinone-l,1,1,0,1,skepinone-l_10 uM_24 h_PC3,1,skepinone-l_10 uM_24 h
b34,10,10,uM,10 uM,24 h,24,h,PC3,BRD-K61845293,3,0.53,224,0.348412,0,"0.34,0.33,0.33",0,0.266667,0.519601,0.67158,13.68,60.0919,1,1,BRD-K61845293,MOAR005_PC3_24H:F07,trt_cp,PC3,F07,MOAR005_PC3_24H_X1_B34|MOAR005_PC3_24H_X2_B34|MOAR005_PC3_24H_X3_B34,MOAR005_PC3_24H_X1_B34:F07|MOAR005_PC3_24H_X2_B34:F07|MOAR005_PC3_24H_X3_B34:F07,,MOAR,DDR1-IN-1,1,1,0,1,DDR1-IN-1_10 uM_24 h_PC3,1,DDR1-IN-1_10 uM_24 h
b34,10,10,uM,10 uM,24 h,24,h,PC3,BRD-K53734668,3,0.62,426,0.519674,0,"0.34,0.36,0.30",0,0,0.526715,0.73913,25.84,88.6592,1,1,BRD-K53734668,MOAR006_PC3_24H:O04,trt_cp,PC3,O04,MOAR006_PC3_24H_X1_B34|MOAR006_PC3_24H_X2_B34|MOAR006_PC3_24H_X3_B34,MOAR006_PC3_24H_X1_B34:O04|MOAR006_PC3_24H_X2_B34:O04|MOAR006_PC3_24H_X3_B34:O04,,MOAR,PRT-062607,1,1,0,1,PRT-062607_10 uM_24 h_PC3,1,PRT-062607_10 uM_24 h
b33,10,9.88739,uM,10 uM,24 h,24,h,PC3,BRD-K87718015,3,0.35,294,0.324368,0.244227,"0.35,0.35,0.30",0.800713,0.4,0.291187,0.609333,16.67,70.5714,1,1,BRD-K87718015,MOAR002_PC3_24H:P01,trt_cp,PC3,P01,MOAR002_PC3_24H_X1.A2_B33|MOAR002_PC3_24H_X2_B33|MOAR002_PC3_24H_X3_B33,MOAR002_PC3_24H_X1.A2_B33:P01|MOAR002_PC3_24H_X2_B33:P01|MOAR002_PC3_24H_X3_B33:P01,,MOAR,dynasore,1,1,0,1,dynasore_10 uM_24 h_PC3,1,dynasore_10 uM_24 h
b34,3.33,3.33333,uM,3.33 uM,24 h,24,h,PC3,BRD-K24556407,3,0.45,210,0.310847,0,"0.34,0.32,0.34",0,0,0.413072,0.667394,13.68,60.0919,1,1,BRD-K24556407,MOAR005_PC3_24H:F23,trt_cp,PC3,F23,MOAR005_PC3_24H_X1_B34|MOAR005_PC3_24H_X2_B34|MOAR005_PC3_24H_X3_B34,MOAR005_PC3_24H_X1_B34:F23|MOAR005_PC3_24H_X2_B34:F23|MOAR005_PC3_24H_X3_B34:F23,,MOAR,ETP-46464,1,1,0,1,ETP-46464_3.33 uM_24 h_PC3,1,ETP-46464_3.33 uM_24 h
b34,10,10,uM,10 uM,24 h,24,h,PC3,BRD-K26833429,3,0.71,399,0.538203,0,"0.33,0.33,0.34",0,0,0.694121,0.823009,13.68,60.0919,1,1,BRD-K26833429,MOAR005_PC3_24H:B19,trt_cp,PC3,B19,MOAR005_PC3_24H_X1_B34|MOAR005_PC3_24H_X2_B34|MOAR005_PC3_24H_X3_B34,MOAR005_PC3_24H_X1_B34:B19|MOAR005_PC3_24H_X2_B34:B19|MOAR005_PC3_24H_X3_B34:B19,,MOAR,costunolide,1,1,0,1,costunolide_10 uM_24 h_PC3,1,costunolide_10 uM_24 h
b34,10,10,uM,10 uM,24 h,24,h,PC3,BRD-K14658796,3,0.6,329,0.449267,0,"0.34,0.33,0.32",0,0,0.575339,0.748765,24.6,86.9365,1,1,BRD-K14658796,MOAR004_PC3_24H:H10,trt_cp,PC3,H10,MOAR004_PC3_24H_X1_B34|MOAR004_PC3_24H_X2_B34|MOAR004_PC3_24H_X3_B34,MOAR004_PC3_24H_X1_B34:H10|MOAR004_PC3_24H_X2_B34:H10|MOAR004_PC3_24H_X3_B34:H10,,MOAR,drotaverine,1,1,0,1,drotaverine_10 uM_24 h_PC3,1,drotaverine_10 uM_24 h
b34,10,10,uM,10 uM,24 h,24,h,PC3,BRD-K27040396,3,0.44,233,0.323769,0.0220653,"0.33,0.33,0.34",0,0,0.434273,0.749337,25.84,88.6592,1,1,BRD-K27040396,MOAR006_PC3_24H:G16,trt_cp,PC3,G16,MOAR006_PC3_24H_X1_B34|MOAR006_PC3_24H_X2_B34|MOAR006_PC3_24H_X3_B34,MOAR006_PC3_24H_X1_B34:G16|MOAR006_PC3_24H_X2_B34:G16|MOAR006_PC3_24H_X3_B34:G16,,MOAR,CFI-400945,1,1,0,1,CFI-400945_10 uM_24 h_PC3,1,CFI-400945_10 uM_24 h
b34,10,10,uM,10 uM,24 h,24,h,PC3,BRD-A52193669,3,0.79,605,0.699072,0,"0.34,0.32,0.33",0,0,0.75246,0.842838,24.6,86.9365,1,1,BRD-A52193669,MOAR004_PC3_24H:P22,trt_cp,PC3,P22,MOAR004_PC3_24H_X1_B34|MOAR004_PC3_24H_X2_B34|MOAR004_PC3_24H_X3_B34,MOAR004_PC3_24H_X1_B34:P22|MOAR004_PC3_24H_X2_B34:P22|MOAR004_PC3_24H_X3_B34:P22,,MOAR,withaferin-a,1,1,0,1,withaferin-a_10 uM_24 h_PC3,2,withaferin-a_10 uM_24 h
b33,10,10,uM,10 uM,24 h,24,h,PC3,BRD-K05444225,3,0.45,277,0.357007,0.0222025,"0.35,0.33,0.32",0,0.267023,0.43184,0.625452,16.67,70.5714,1,1,BRD-K05444225,MOAR002_PC3_24H:N16,trt_cp,PC3,N16,MOAR002_PC3_24H_X1.A2_B33|MOAR002_PC3_24H_X2_B33|MOAR002_PC3_24H_X3_B33,MOAR002_PC3_24H_X1.A2_B33:N16|MOAR002_PC3_24H_X2_B33:N16|MOAR002_PC3_24H_X3_B33:N16,,MOAR,E-7449,1,1,0,1,E-7449_10 uM_24 h_PC3,1,E-7449_10 uM_24 h
b34,3.33,3.33333,uM,3.33 uM,24 h,24,h,PC3,BRD-K58744164,3,0.55,365,0.453063,0,"0.35,0.33,0.31",0,0,0.512078,0.684533,24.6,86.9365,1,1,BRD-K58744164,MOAR004_PC3_24H:C02,trt_cp,PC3,C02,MOAR004_PC3_24H_X1_B34|MOAR004_PC3_24H_X2_B34|MOAR004_PC3_24H_X3_B34,MOAR004_PC3_24H_X1_B34:C02|MOAR004_PC3_24H_X2_B34:C02|MOAR004_PC3_24H_X3_B34:C02,,MOAR,BRD-K58744164,1,1,0,1,BRD-K58744164_3.33 uM_24 h_PC3,1,BRD-K58744164_3.33 uM_24 h
b13,0.37,0.37,uM,0.37 uM,24 h,24,h,PC3,BRD-K85133207,3,0.42,284,0.349232,4.3711,"""""""""""""""""""""""""""""""""",4.53975,2.94477,0.422811,0.592052,27.99,90.7264,1,1,BRD-K85133207,PCLB003_PC3_24H:BRD-K85133207-001-01-1:0.37,trt_cp,PC3,M04,PCLB003_PC3_24H_X1_B13|PCLB003_PC3_24H_X2_B13|PCLB003_PC3_24H_X3_B13,PCLB003_PC3_24H_X1_B13:M04|PCLB003_PC3_24H_X2_B13:M04|PCLB003_PC3_24H_X3_B13:M04,,PCLB,HDAC1-selective,1,1,0,1,HDAC1-selective_0.37 uM_24 h_PC3,1,HDAC1-selective_0.37 uM_24 h
b13,0.04,0.04,uM,0.04 uM,24 h,24,h,PC3,BRD-K64606589,3,0.77,587,0.679822,0,"""""""""""""""""""""""""""""""""",0,0.40107,0.760222,0.839237,27.99,90.7264,1,1,BRD-K64606589,PCLB003_PC3_24H:BRD-K64606589-001-03-5:0.04,trt_cp,PC3,I06,PCLB003_PC3_24H_X1_B13|PCLB003_PC3_24H_X2_B13|PCLB003_PC3_24H_X3_B13,PCLB003_PC3_24H_X1_B13:I06|PCLB003_PC3_24H_X2_B13:I06|PCLB003_PC3_24H_X3_B13:I06,,PCLB,apicidin,1,1,0,1,apicidin_0.04 uM_24 h_PC3,1,apicidin_0.04 uM_24 h
b13,0.37,0.37,uM,0.37 uM,24 h,24,h,PC3,BRD-K01737880,3,0.46,418,0.443402,0.44603,"""""""""""""""""""""""""""""""""",6.01287,13.8938,0.217471,0.457582,27.99,90.7264,0,1,BRD-K01737880,PCLB003_PC3_24H:BRD-K01737880-001-02-2:0.37,trt_cp,PC3,A10,PCLB003_PC3_24H_X1_B13|PCLB003_PC3_24H_X2_B13|PCLB003_PC3_24H_X3_B13,PCLB003_PC3_24H_X1_B13:A10|PCLB003_PC3_24H_X2_B13:A10|PCLB003_PC3_24H_X3_B13:A10,,PCLB,BRD-K01737880,1,1,0,1,BRD-K01737880_0.37 uM_24 h_PC3,1,BRD-K01737880_0.37 uM_24 h
b13,0.37,0.37,uM,0.37 uM,24 h,24,h,PC3,BRD-K17016787,3,0.5,489,0.5,1.07047,"""""""""""""""""""""""""""""""""",2.00571,6.6913,0.486787,0.650007,27.99,90.7264,1,1,BRD-K17016787,PCLB003_PC3_24H:BRD-K17016787-001-09-2:0.37,trt_cp,PC3,B10,PCLB003_PC3_24H_X1_B13|PCLB003_PC3_24H_X2_B13|PCLB003_PC3_24H_X3_B13,PCLB003_PC3_24H_X1_B13:B10|PCLB003_PC3_24H_X2_B13:B10|PCLB003_PC3_24H_X3_B13:B10,,PCLB,estriol,1,1,0,1,estriol_0.37 uM_24 h_PC3,1,estriol_0.37 uM_24 h
f1b7,20,20.8,uM,20 uM,24 h,24,h,PC3,BRD-K77914232-001-01-3,6,0.42,274,0.343029,1.70455,"0.13,0.22,0.14,0.17,0.15,0.19",26.3843,32.1772,0.151135,0.327344,15.03,64.8292,0,1,BRD-K77914232,CRCGN004_PC3_24H:BRD-K77914232-001-01-3:20.8,trt_cp,PC3,M11|N07|O11,CRCGN004_PC3_24H_X1_F1B7_DUO52HI53LO|CRCGN004_PC3_24H_X2_F1B7_DUO52HI53LO,CRCGN004_PC3_24H_X1_F1B7_DUO52HI53LO:M11|CRCGN004_PC3_24H_X1_F1B7_DUO52HI53LO:N07|CRCGN004_PC3_24H_X1_F1B7_DUO52HI53LO:O11|CRCGN004_PC3_24H_X2_F1B7_DUO52HI53LO:M11|CRCGN004_PC3_24H_X2_F1B7_DUO52HI53LO:N07|CRCGN004_PC3_24H_X2_F1B7_DUO52HI53LO:O11,,CRCGN,acetaldehyde,1,1,0,1,acetaldehyde_20 uM_24 h_PC3,1,acetaldehyde_20 uM_24 h
f1b7,10,10,uM,10 uM,24 h,24,h,PC3,BRD-K54208592-001-06-0,6,0.41,378,0.398078,2.69886,"0.24,0.23,0.22,0.00,0.13,0.18",11.9073,26.7726,0.245727,0.355492,15.03,64.8292,0,1,BRD-K54208592,CRCGN004_PC3_24H:BRD-K54208592-001-06-0:10,trt_cp,PC3,C03|I10|N02,CRCGN004_PC3_24H_X1_F1B7_DUO52HI53LO|CRCGN004_PC3_24H_X2_F1B7_DUO52HI53LO,CRCGN004_PC3_24H_X1_F1B7_DUO52HI53LO:C03|CRCGN004_PC3_24H_X1_F1B7_DUO52HI53LO:I10|CRCGN004_PC3_24H_X1_F1B7_DUO52HI53LO:N02|CRCGN004_PC3_24H_X2_F1B7_DUO52HI53LO:C03|CRCGN004_PC3_24H_X2_F1B7_DUO52HI53LO:I10|CRCGN004_PC3_24H_X2_F1B7_DUO52HI53LO:N02,,CRCGN,carbaryl,1,1,0,1,carbaryl_10 uM_24 h_PC3,1,carbaryl_10 uM_24 h
b21,10,10,uM,10 uM,24 h,24,h,PC3,BRD-K92241597,3,0.5,283,0.380372,0,"0.33,0.35,0.32",0,0,0.49626,0.77092,23.53,85.4149,1,1,BRD-K92241597,PBIOA022_PC3_24H:M13,trt_cp,PC3,M13,PBIOA022_PC3_24H_X1_B21|PBIOA022_PC3_24H_X2_B21|PBIOA022_PC3_24H_X3_B21,PBIOA022_PC3_24H_X1_B21:M13|PBIOA022_PC3_24H_X2_B21:M13|PBIOA022_PC3_24H_X3_B21:M13,,PBIOA,tosedostat,1,1,0,1,tosedostat_10 uM_24 h_PC3,1,tosedostat_10 uM_24 h
b21,0.04,0.0411523,uM,0.04 uM,24 h,24,h,PC3,BRD-K21517000,3,0.48,321,0.396921,0.311388,"0.29,0.34,0.37",3.07811,2.27381,0.384407,0.586573,22.03,83.3477,1,1,BRD-K21517000,PBIOA016_PC3_24H:L24,trt_cp,PC3,L24,PBIOA016_PC3_24H_X1_B21|PBIOA016_PC3_24H_X2_B21|PBIOA016_PC3_24H_X3_B21,PBIOA016_PC3_24H_X1_B21:L24|PBIOA016_PC3_24H_X2_B21:L24|PBIOA016_PC3_24H_X3_B21:L24,,PBIOA,BRD-K21517000,1,1,0,1,BRD-K21517000_0.04 uM_24 h_PC3,1,BRD-K21517000_0.04 uM_24 h
b20,3.33,3.33333,uM,3.33 uM,24 h,24,h,PC3,BRD-K17516382,3,0.57,349,0.451004,0.022686,"0.29,0.36,0.35",0,0.142857,0.425273,0.682938,27.74,90.4967,1,1,BRD-K17516382,PBIOA015_PC3_24H:L08,trt_cp,PC3,L08,PBIOA015_PC3_24H_X1.A3_B20|PBIOA015_PC3_24H_X2_B21|PBIOA015_PC3_24H_X3_B21,PBIOA015_PC3_24H_X1.A3_B20:L08|PBIOA015_PC3_24H_X2_B21:L08|PBIOA015_PC3_24H_X3_B21:L08,,PBIOA,alsterpaullone,1,1,0,1,alsterpaullone_3.33 uM_24 h_PC3,1,alsterpaullone_3.33 uM_24 h
b21,10,10.1594,uM,10 uM,24 h,24,h,PC3,BRD-K19926581,3,0.34,301,0.323484,0.198939,"0.28,0.33,0.40",1.06101,15.4054,0.276265,0.487868,27.45,90.267,1,1,BRD-K19926581,PBIOA013_PC3_24H:I01,trt_cp,PC3,I01,PBIOA013_PC3_24H_X1_B21|PBIOA013_PC3_24H_X2_B21|PBIOA013_PC3_24H_X3_B21,PBIOA013_PC3_24H_X1_B21:I01|PBIOA013_PC3_24H_X2_B21:I01|PBIOA013_PC3_24H_X3_B21:I01,,PBIOA,BRD-K19926581,1,1,0,1,BRD-K19926581_10 uM_24 h_PC3,1,BRD-K19926581_10 uM_24 h
b21,3.33,3.33333,uM,3.33 uM,24 h,24,h,PC3,BRD-K25325018,3,0.39,239,0.308718,0.198939,"0.32,0.35,0.33",0.132626,0,0.375926,0.668423,27.45,90.267,1,1,BRD-K25325018,PBIOA013_PC3_24H:D02,trt_cp,PC3,D02,PBIOA013_PC3_24H_X1_B21|PBIOA013_PC3_24H_X2_B21|PBIOA013_PC3_24H_X3_B21,PBIOA013_PC3_24H_X1_B21:D02|PBIOA013_PC3_24H_X2_B21:D02|PBIOA013_PC3_24H_X3_B21:D02,,PBIOA,GSK-690693,1,1,0,1,GSK-690693_3.33 uM_24 h_PC3,1,GSK-690693_3.33 uM_24 h
b21,0.125,0.123457,uM,0.125 uM,24 h,24,h,PC3,BRD-K05402890,3,0.65,391,0.509772,0.135257,"0.33,0.33,0.33",0.133333,0.133333,0.650211,0.809658,21.25,82.0844,1,1,BRD-K05402890,PBIOA014_PC3_24H:L05,trt_cp,PC3,L05,PBIOA014_PC3_24H_X1_B21|PBIOA014_PC3_24H_X2_B21|PBIOA014_PC3_24H_X3_B21,PBIOA014_PC3_24H_X1_B21:L05|PBIOA014_PC3_24H_X2_B21:L05|PBIOA014_PC3_24H_X3_B21:L05,,PBIOA,BRD-K05402890,1,1,0,1,BRD-K05402890_0.125 uM_24 h_PC3,1,BRD-K05402890_0.125 uM_24 h
b21,10,10,uM,10 uM,24 h,24,h,PC3,BRD-K67548518,3,0.68,420,0.540393,0,"0.35,0.32,0.33",0,0,0.629962,0.815695,31.58,93.1381,1,1,BRD-K67548518,PBIOA020_PC3_24H:C01,trt_cp,PC3,C01,PBIOA020_PC3_24H_X1_B21|PBIOA020_PC3_24H_X2_B21|PBIOA020_PC3_24H_X3_B21,PBIOA020_PC3_24H_X1_B21:C01|PBIOA020_PC3_24H_X2_B21:C01|PBIOA020_PC3_24H_X3_B21:C01,,PBIOA,BRD-K67548518,1,1,0,1,BRD-K67548518_10 uM_24 h_PC3,1,BRD-K67548518_10 uM_24 h
b21,3.33,3.36704,uM,3.33 uM,24 h,24,h,PC3,BRD-K26169592,3,0.42,303,0.360725,0.451671,"0.44,0.26,0.31",1.23166,0.971322,0.347714,0.572457,31.58,93.1381,1,1,BRD-K26169592,PBIOA020_PC3_24H:P20,trt_cp,PC3,P20,PBIOA020_PC3_24H_X1_B21|PBIOA020_PC3_24H_X2_B21|PBIOA020_PC3_24H_X3_B21,PBIOA020_PC3_24H_X1_B21:P20|PBIOA020_PC3_24H_X2_B21:P20|PBIOA020_PC3_24H_X3_B21:P20,,PBIOA,BRD-K26169592,1,1,0,1,BRD-K26169592_3.33 uM_24 h_PC3,1,BRD-K26169592_3.33 uM_24 h
b21,3.33,3.33333,uM,3.33 uM,24 h,24,h,PC3,BRD-A06352508,3,0.42,284,0.349232,0.022242,"0.32,0.33,0.35",0,0.13369,0.410554,0.683711,22.03,83.3477,1,1,BRD-A06352508,PBIOA016_PC3_24H:F02,trt_cp,PC3,F02,PBIOA016_PC3_24H_X1_B21|PBIOA016_PC3_24H_X2_B21|PBIOA016_PC3_24H_X3_B21,PBIOA016_PC3_24H_X1_B21:F02|PBIOA016_PC3_24H_X2_B21:F02|PBIOA016_PC3_24H_X3_B21:F02,,PBIOA,SB-218078,1,1,0,1,SB-218078_3.33 uM_24 h_PC3,1,SB-218078_3.33 uM_24 h
b21,10,10,uM,10 uM,24 h,24,h,PC3,BRD-K16189898,3,0.45,293,0.367173,0,"0.32,0.35,0.33",0,0.13369,0.427065,0.734435,23.53,85.4149,1,1,BRD-K16189898,PBIOA022_PC3_24H:N07,trt_cp,PC3,N07,PBIOA022_PC3_24H_X1_B21|PBIOA022_PC3_24H_X2_B21|PBIOA022_PC3_24H_X3_B21,PBIOA022_PC3_24H_X1_B21:N07|PBIOA022_PC3_24H_X2_B21:N07|PBIOA022_PC3_24H_X3_B21:N07,,PBIOA,CHIR-99021,1,1,0,1,CHIR-99021_10 uM_24 h_PC3,1,CHIR-99021_10 uM_24 h
b19,10,10,uM,10 uM,24 h,24,h,PC3,BRD-K22937431,3,0.42,272,0.341775,0.95217,"0.33,0.29,0.38",2.39471,1.59398,0.352995,0.638542,19.01,77.261,1,1,BRD-K22937431,DOSVAL002_PC3_24H:BRD-K22937431:10,trt_cp,PC3,C17,DOSVAL002_PC3_24H_X1_B19|DOSVAL002_PC3_24H_X2_B19|DOSVAL002_PC3_24H_X3_B19,DOSVAL002_PC3_24H_X1_B19:C17|DOSVAL002_PC3_24H_X2_B19:C17|DOSVAL002_PC3_24H_X3_B19:C17,,DOSVAL,BRD-K22937431,1,1,0,1,BRD-K22937431_10 uM_24 h_PC3,1,BRD-K22937431_10 uM_24 h
b19,4,5,uM,4 uM,24 h,24,h,PC3,BRD-K05978741,3,0.33,363,0.349978,2.02338,"0.45,0.19,0.36",9.54464,16.3306,0.173994,0.42984,24.76,87.2811,0,1,BRD-K05978741,DOSVAL005_PC3_24H:BRD-K05978741:5,trt_cp,PC3,J24,DOSVAL005_PC3_24H_X1_B19|DOSVAL005_PC3_24H_X2_B19|DOSVAL005_PC3_24H_X3_B19,DOSVAL005_PC3_24H_X1_B19:J24|DOSVAL005_PC3_24H_X2_B19:J24|DOSVAL005_PC3_24H_X3_B19:J24,,DOSVAL,BRD-K05978741,1,1,0,1,BRD-K05978741_4 uM_24 h_PC3,1,BRD-K05978741_4 uM_24 h
b19,10,10,uM,10 uM,24 h,24,h,PC3,BRD-K88378636,3,0.59,628,0.615512,0.022482,"0.29,0.35,0.36",0,4.82943,0.442528,0.559119,24.76,87.2811,1,1,BRD-K88378636,DOSVAL005_PC3_24H:BRD-K88378636:10,trt_cp,PC3,O05,DOSVAL005_PC3_24H_X1_B19|DOSVAL005_PC3_24H_X2_B19|DOSVAL005_PC3_24H_X3_B19,DOSVAL005_PC3_24H_X1_B19:O05|DOSVAL005_PC3_24H_X2_B19:O05|DOSVAL005_PC3_24H_X3_B19:O05,,DOSVAL,withaferin-a,1,1,0,1,withaferin-a_10 uM_24 h_PC3,2,withaferin-a_10 uM_24 h
b19,4,5,uM,4 uM,24 h,24,h,PC3,BRD-K22428007,3,0.53,354,0.437996,0.201072,"0.36,0.32,0.32",0.403226,0.268097,0.527998,0.733928,20.15,79.9885,1,1,BRD-K22428007,DOSVAL003_PC3_24H:BRD-K22428007:5,trt_cp,PC3,D21,DOSVAL003_PC3_24H_X1_B19|DOSVAL003_PC3_24H_X2_B19|DOSVAL003_PC3_24H_X3_B19,DOSVAL003_PC3_24H_X1_B19:D21|DOSVAL003_PC3_24H_X2_B19:D21|DOSVAL003_PC3_24H_X3_B19:D21,,DOSVAL,BRD-K22428007,1,1,0,1,BRD-K22428007_4 uM_24 h_PC3,1,BRD-K22428007_4 uM_24 h
b19,20,20,uM,20 uM,24 h,24,h,PC3,BRD-K45723650,3,0.62,477,0.549902,0,"0.34,0.30,0.36",0.13369,0.530504,0.510948,0.697847,19.01,77.261,1,1,BRD-K45723650,DOSVAL002_PC3_24H:BRD-K45723650:20,trt_cp,PC3,M01,DOSVAL002_PC3_24H_X1_B19|DOSVAL002_PC3_24H_X2_B19|DOSVAL002_PC3_24H_X3_B19,DOSVAL002_PC3_24H_X1_B19:M01|DOSVAL002_PC3_24H_X2_B19:M01|DOSVAL002_PC3_24H_X3_B19:M01,,DOSVAL,BRD-K45723650,1,1,0,1,BRD-K45723650_20 uM_24 h_PC3,1,BRD-K45723650_20 uM_24 h
